  -0.0000000000000000       -7.1191174941607352E-003   2.0213764180356742E-002   8.2312007811273374E-002  0.16737236856166016       0.26327397959623050       0.35996240755097425       0.44873899488643809       0.52120383951527594       0.56897445908611244       0.58446223015250243       0.56250662047814803       0.50235541873960632       0.40927395689104012       0.29501168785261289       0.17654884069583432        7.3020658737379437E-002   1.2957998059747559E-003  -2.9073189826973489E-002  -2.1466517929742124E-002  -0.0000000000000000     
  -7.1191174941607352E-003   3.5384190089795133E-002   7.6020434491371539E-002  0.12776776594458486       0.19100210823820174       0.26056614153383223       0.32957793656286155       0.39112213044448502       0.43896242086096926       0.46799380142706243       0.47473681181454258       0.45787007944047586       0.41863953450080887       0.36096715532284307       0.29115324337998810       0.21713700757619958       0.14728302593375703        8.8605109196812762E-002   4.4348616193373769E-002   1.1248888630808328E-002  -2.1466517929742124E-002
   2.2078146022590586E-002   7.9751427138955833E-002  0.12049548375160617       0.16039065678401029       0.20487825417945096       0.25261743690535271       0.29908647661475063       0.33920893359079857       0.36892171713072747       0.38587860318637962       0.38953014471580166       0.38077692070486419       0.36136998205079923       0.33326165677924074       0.29813159260031125       0.25723343536083881       0.21148279223423458       0.16141046993601949       0.10646955914183757        4.3565545322884029E-002  -3.4295104630378360E-002
   9.7231520475377364E-002  0.14130120868135629       0.16583755696320748       0.18676633746168206       0.21072526612025883       0.23763283198478410       0.26411970464850798       0.28651682146912072       0.30268579659802336       0.31256697967007230       0.31771007808721113       0.32020845740605303       0.32147335095882196       0.32124769248418872       0.31718855785979388       0.30520347980804463       0.28045752336302654       0.23858075860045544       0.17629295416952434        9.0863823711060082E-002  -2.1158001148624202E-002
  0.21713658478538325       0.22431827476579339       0.21684865902005820       0.20999730015027027       0.20947156167942860       0.21449613674277335       0.22161563096273215       0.22791573069933704       0.23278759720632167       0.23807500385423036       0.24701602482301285       0.26260264695067648       0.28591640362175985       0.31485824623099978       0.34361261117706571       0.36315231640817436       0.36292610340147530       0.33336759680550759       0.26812641774155310       0.16468618226570025        2.3228518613609569E-002
  0.37760402493190415       0.32818839231935037       0.27444337642603162       0.23103285505604598       0.20128668300451469       0.18212377872443225       0.16878389752319162       0.15832799792031105       0.15119781149831296       0.15088733310837230       0.16237534755496577       0.19006404852345904       0.23571374339129633       0.29663249366844807       0.36444165793953026       0.42505638157341430       0.46068649903369879       0.45405176586969326       0.39337868356031180       0.27526077232289758       0.10355650384853750     
  0.57271049495930137       0.45007195912027131       0.33782866408155560       0.24991748305207054       0.18609282194722651       0.13955096377458284       0.10301766939100929        7.2636718205676090E-002   4.9326429402411887E-002   3.8054632086909901E-002   4.5964019202817952E-002   8.0101540867764415E-002  0.14496575190397887       0.23976446805230145       0.35557804467333126       0.47353664471969714       0.56606757443587019       0.60300543917920457       0.56151350701012581       0.43421049434350184       0.22909920647459200     
  0.79446780517850768       0.58590256000571561       0.40566277575124221       0.26666060867866176       0.16414546572476063        8.6408520129854186E-002   2.2501410565624422E-002  -3.3345441624618499E-002  -8.0462004875545348E-002 -0.11266890847690639      -0.12015997496423868       -9.1659700546519465E-002  -1.7076659992204739E-002  0.10863856110364241       0.28015965469853732       0.47624888862571818       0.65766034558646869       0.77368494289858125       0.77948372759554141       0.65609081018724125       0.41620043847978111     
   1.0325336532637082       0.73078123565312547       0.47662010366633306       0.28176174935985615       0.13654279698299995        2.3583750157445408E-002  -7.2718870205030581E-002 -0.16107691286846582      -0.24197681439141186      -0.30859107241490691      -0.34835485711499770      -0.34458746842443938      -0.27880914752373676      -0.13521252274609358        9.1379033779694530E-002  0.38434744512956232       0.69522252533991447       0.94503576949407875        1.0487971952052080       0.95856840271169497       0.68986454679531684     
   1.2745725798412844       0.87926895778043757       0.54961528755562139       0.29643831122986264       0.10556408463779993       -4.6165286588466241E-002 -0.17959156274854987      -0.30725133728637322      -0.43180048914282243      -0.54675812656545109      -0.63759707884532579      -0.68245434169464581      -0.65325737485388125      -0.51928906273004027      -0.25607506912232603       0.13771666025127080       0.61688796736031637        1.0737137484421959        1.3591877515440676        1.3608622357491322        1.0851776969162599     
   1.5075443254046887        1.0258131839843470       0.62380810129375208       0.31255396481428421        7.4704453733723974E-002 -0.11795246182415321      -0.29143643114118328      -0.46257147064313420      -0.63706322621247546      -0.81008809198413567      -0.96700014404999290       -1.0830798687445666       -1.1227190748871889       -1.0398654180623208      -0.78376429538976289      -0.31724401317231604       0.34517496789721441        1.0872131667350808        1.6781538790384982        1.8795564159871221        1.6487489397634920     
   1.7200318203078431        1.1654581738851899       0.69847024091845944       0.33222792038267224        4.8268674319881376E-002 -0.18517299801870341      -0.39845320810618684      -0.61247211306567395      -0.83640943506998644       -1.0683306687897021       -1.2959119703334239       -1.4957126537490320       -1.6304482580299924       -1.6446931678068881       -1.4622810245336819      -0.99597260757395867      -0.19026745836855358       0.88545495227685111        1.9373070791778044        2.5202817992911801        2.4401688742674477     
   1.9056788114911525        1.2949798462155275       0.77279281378775178       0.35711669989087408        3.0438038212455904E-002 -0.24074003013362641      -0.48963419176896150      -0.74028894622035257       -1.0051254809401258       -1.2857948964862240       -1.5744123944734982       -1.8532287758471206       -2.0911505315953924       -2.2352921954524154       -2.1972529169790604       -1.8423210760159541       -1.0119115554990823       0.36147856604870526        2.0203091113010019        3.2628624160053366        3.5337895757856392     
   2.0680990490852382        1.4145203165983582       0.84557243816898031       0.38725627981882532        2.3685586043826787E-002 -0.27921295914783750      -0.55596010504179316      -0.83239545015090644       -1.1234132038569038       -1.4342395570313609       -1.7624274783812284       -2.0986295042739962       -2.4240635237183139       -2.7010531135471245       -2.8514226726554970       -2.7210516256638519       -2.0522066412495583      -0.55323395531958630        1.7623925392836586        4.0356654074754985        5.0218660703574853     
   2.2286344137453415        1.5292410302305082       0.91385332730730995       0.41852841769847365        2.5568993299854823E-002 -0.30080921677580430      -0.59570336684308645      -0.88555699811655941       -1.1868156437061195       -1.5077531462377367       -1.8510700166876881       -2.2157537936989788       -2.5964626974567140       -2.9767424097388400       -3.3082395657387726       -3.4623655265023063       -3.1446809415641148       -1.8305257514159516       0.97461503488018897        4.6716230391754934        7.0192087116739463     
   2.4403264499994206        1.6477876571573662       0.96599596417878097       0.43384654442545095        1.8250404995976278E-002 -0.32395715784729190      -0.62935778886668614      -0.92430712116734215       -1.2258724155440577       -1.5444258540121627       -1.8864507072102854       -2.2568091502436176       -2.6596062384696335       -3.0955030545474242       -3.5496514948855058       -3.9536580168295634       -4.0787046611445668       -3.3065275440260371      -0.49598774825416081        4.8363337830586470        9.6595828169527191     
   2.8125659974256014        1.7633855299868377       0.95115314526069084       0.36658142494072343       -7.5180050128626427E-002 -0.43631967676258210      -0.75655140039829838       -1.0610332987887237       -1.3659129202775739       -1.6820513732053384       -2.0176380677889543       -2.3800648155275144       -2.7770960897481256       -3.2168900539512548       -3.7053886830179112       -4.2338294081238530       -4.7149018406184524       -4.7018521110767280       -2.6633445217072826        3.9291428766641880        13.038490200049717     
   3.5376996310409434        1.7620541055231418       0.65736707083223633       -4.7025627196056657E-002 -0.56129985010815564      -0.97836094890287140       -1.3401014343631543       -1.6691016359815942       -1.9802262142079063       -2.2848783465946911       -2.5927642080499886       -2.9128661898096553       -3.2542423972445493       -3.6269950928991102       -4.0443314947461628       -4.5284210772637614       -5.1165899685705059       -5.7408210266083186       -5.2590985232643757        1.0136903499386263        16.965199666895519     
   4.8158644975882856        1.0247914051906668      -0.76748501134285418       -1.7941513166960279       -2.4879485522110159       -2.9889565182699394       -3.3593988720274344       -3.6378410880607124       -3.8527426857259499       -4.0265631273627198       -4.1776245934193801       -4.3215103140027038       -4.4726018776245260       -4.6462504575462393       -4.8628825943946561       -5.1572502732694678       -5.6082273780261414       -6.4212256402046171       -7.6420118335870146       -4.9788794541854777        20.188981299288677     
   6.0394120801785318       -3.6726859850669906       -6.7440734162788623       -7.9788160403753210       -8.4164562705956456       -8.4480184344665172       -8.2647703494346985       -7.9710770809458449       -7.6276808311320385       -7.2724385342234061       -6.9315111962359888       -6.6260546448971622       -6.3769109782448572       -6.2087926736562409       -6.1558435600558798       -6.2699875508600238       -6.6459655260539163       -7.4700170157983745       -9.3758013858681810       -14.050884776560926        18.411887315972411     
  -39.999999403953559       -33.960587323775030       -28.003587550961701       -23.277839994237372       -19.615399443429279       -16.742253945275060       -14.443628129654476       -12.571021507481937       -11.027827420936042       -9.7564609600484058       -8.7295873324941180       -7.9446636384830320       -7.4209057783790673       -7.1982890847295167       -7.3388786903352585       -7.9332980427099695       -9.1201408154625607       -11.157375151661702       -14.643200992474446       -21.588112087981152       -39.999999403953559     
