  -0.0000000000000000        3.4808394033042286E-004  -5.6725467923853454E-003  -1.7889925185124441E-002  -3.3826445169052213E-002  -5.0459695448181963E-002  -6.5088705061313340E-002  -7.5816142599703110E-002  -8.1720521893465958E-002  -8.2767960407655605E-002  -7.9560056952873867E-002  -7.3029880551367263E-002  -6.4175285849493613E-002  -5.3880940319826535E-002  -4.2848594197925097E-002  -3.1636698021316648E-002  -2.0798837609847201E-002  -1.1087614123786879E-002  -3.6256511343344612E-003   2.2429944230381303E-004  -0.0000000000000000     
   3.4808394033042286E-004  -6.0634062972186563E-003  -1.2288278214827888E-002  -1.9968124044293930E-002  -2.8856828216857418E-002  -3.8021232252190680E-002  -4.6411414448661668E-002  -5.3124679270751061E-002  -5.7532095324476430E-002  -5.9327782769862426E-002  -5.8517165969327919E-002  -5.5356342610399463E-002  -5.0265113373056940E-002  -4.3743322101781577E-002  -3.6316427139909367E-002  -2.8521528151304498E-002  -2.0921097009057834E-002  -1.4097559684093309E-002  -8.5337999780590486E-003  -4.2208539904712225E-003   2.2429944230381303E-004
  -5.0619300775603948E-003  -1.2657633411280584E-002  -1.7526950915735279E-002  -2.1271380806820270E-002  -2.4619753116551738E-002  -2.7877983872422130E-002  -3.1106376874699377E-002  -3.4167746711895014E-002  -3.6773730822565284E-002  -3.8568446365522410E-002  -3.9230424741715883E-002  -3.8558317390028719E-002  -3.6518769471797982E-002  -3.3256215084883148E-002  -2.9077339000599785E-002  -2.4418998386327776E-002  -1.9788901962443720E-002  -1.5643006120608427E-002  -1.2148396268009351E-002  -8.7975768879005895E-003  -3.9188590911035442E-003
  -1.6186168725396955E-002  -2.1873929654383600E-002  -2.3808866118045696E-002  -2.3241367057887617E-002  -2.1387517015014779E-002  -1.9337941110854431E-002  -1.7901628530373481E-002  -1.7486048050446432E-002  -1.8084651145962038E-002  -1.9368507500946274E-002  -2.0838625505750805E-002  -2.1988735109854524E-002  -2.2440010918868269E-002  -2.2027995503100816E-002  -2.0837293354452131E-002  -1.9182538793207814E-002  -1.7523840990440818E-002  -1.6292888748879512E-002  -1.5613464534017513E-002  -1.4947670011522000E-002  -1.2787999767590146E-002
  -3.2208526547210535E-002  -3.4315075621265179E-002  -3.1842576983835462E-002  -2.5950225231199400E-002  -1.8381316128622462E-002  -1.0927738841357152E-002  -4.9757518545917815E-003  -1.2779367271504832E-003   4.7356408642237174E-005  -6.2764290583187563E-004  -2.6433911403741872E-003  -5.2604503125216300E-003  -7.8393179651663515E-003  -9.9740973697674713E-003  -1.1568327755456151E-002  -1.2842118219843105E-002  -1.4254086036154519E-002  -1.6317056866642463E-002  -1.9299841547330762E-002  -2.2853265084038839E-002  -2.5669725481950619E-002
  -5.2929062171634747E-002  -4.9907565548434674E-002  -4.1211220433175939E-002  -2.8336098955118436E-002  -1.3906066027444675E-002  -5.5685616467997441E-004   9.8381296661845322E-003   1.6414672074274824E-002   1.9184633366633334E-002   1.8751109869195096E-002   1.6019719022752545E-002   1.1957600303503632E-002   7.4030043399438659E-003   2.9212747497865204E-003  -1.2881158779610748E-003  -5.4195297676812608E-003  -1.0002881573835868E-002  -1.5731955376261358E-002  -2.3153125942006456E-002  -3.2209385320244061E-002  -4.1692999228430748E-002
  -7.8790402583018171E-002  -6.8267584577612325E-002  -5.0696295654754309E-002  -2.8472026060539887E-002  -5.6460031153034952E-003   1.4119971348960992E-002   2.8644512795913676E-002   3.7308879271083541E-002   4.0611908093501188E-002   3.9644771531187985E-002   3.5690122876754479E-002   2.9963697945971677E-002   2.3447289144487370E-002   1.6770251580708561E-002   1.0128288171238132E-002   3.2515571902644149E-003  -4.5552967545239072E-003  -1.4266670934657099E-002  -2.6818989497475066E-002  -4.2521116657226160E-002  -6.0120148552189577E-002
 -0.11048452370454082       -8.8624568307955551E-002  -5.8395598240624833E-002  -2.3880739535699254E-002   8.8429136269990508E-003   3.5116053347930352E-002   5.2906729912597525E-002   6.2386667779584765E-002   6.4967569087313132E-002   6.2481479216843140E-002   5.6691863408040180E-002   4.9060393493442350E-002   4.0640226132416357E-002   3.2011262429382958E-002   2.3233854464640900E-002   1.3833086544260621E-002   2.8325210370572585E-003  -1.1132558182714903E-002  -2.9518739682360705E-002  -5.3128447104046760E-002  -8.0539406214750073E-002
 -0.14839132846045011      -0.10952405179538739       -6.1783327634175621E-002  -1.1975998777638375E-002   3.1457510772743350E-002   6.3421429936054291E-002   8.2900099703504482E-002   9.1552789908718221E-002   9.2096654953363249E-002   8.7255478710514131E-002   7.9283589536468843E-002   6.9826566400912435E-002   5.9905073788592507E-002   4.9912819921222325E-002   3.9612012532712008E-002   2.8150938209274889E-002   1.4115091680169351E-002  -4.3932365977351669E-003  -2.9544004937401034E-002  -6.2941806053423713E-002 -0.10306917508086454     
 -0.19185744403363117      -0.12847288593183101       -5.7919515740829840E-002   9.2700305334797346E-003   6.2779411702475363E-002   9.8450447564745400E-002  0.11750169061768576       0.12373793642769031       0.12137919350553612       0.11400505078777345       0.10425243751067419        9.3834870540181789E-002   8.3616501131919180E-002   7.3644939434506493E-002   6.3164601441388205E-002   5.0673650176196683E-002   3.4036833644705750E-002   1.0569383765276498E-002  -2.2933183675079554E-002  -6.9555882474603620E-002 -0.12845552897859841     
 -0.23824796944157786      -0.14171684887431901       -4.4028421250249195E-002   4.0432921549841370E-002  0.10144802001809919       0.13794658353146577       0.15458208463606582       0.15760812609948086       0.15260751975430623       0.14378302293601172       0.13397932784638966       0.12487399480786740       0.11708560225277155       0.11015671275701495       0.10250253556647514        9.1467692022072541E-002   7.3549315025939865E-002   4.4619877686250364E-002  -2.0554769324168142E-004  -6.6752625002603858E-002 -0.15745006213995155     
 -0.28173897288137484      -0.14441097887273424       -1.8552419863258486E-002   7.9747059351911093E-002  0.14402374796026707       0.17855164326985645       0.19196917266935185       0.19265080881694677       0.18705751686854852       0.17968997046724813       0.17348398081316330       0.17010972158780510       0.17000368973588770       0.17215634313504641       0.17382123243402636       0.17039966696869782       0.15565606977145918       0.12213981153335070        6.1279452188011972E-002  -3.7841891236082892E-002 -0.18724616448685158     
 -0.31198271851315601      -0.13147021082269156        1.7490592338741024E-002  0.12265346581009418       0.18552953327220217       0.21677541605352577       0.22833610256098194       0.22972940209260018       0.22763492730187440       0.22658947840095653       0.22966385944157208       0.23876503907755570       0.25448552196409030       0.27556945177325048       0.29822711129324825       0.31564135967063678       0.31757403936056039       0.28955633279611898       0.21213164769145490        6.1156870820526704E-002 -0.19757480352411105     
 -0.31309663776201829       -9.9247975467893365E-002   5.9342220856301468E-002  0.16206806080282413       0.22023181707661471       0.24931016864712752       0.26257549416238990       0.26935288426633469       0.27590171576984390       0.28659124580812440       0.30465034826326287       0.33236466030612277       0.37070915405626753       0.41863861076106679       0.47260010172995348       0.52696335602380873       0.57324013648948080       0.59231778679816971       0.53874280062135638       0.33761797521214165      -0.10301550724022880     
 -0.26387644436934943       -4.7794126476760602E-002   9.8097232632307463E-002  0.18896758015273227       0.24134789415202193       0.27100079318207826       0.28982976364534685       0.30557104257887513       0.32334883709925449       0.34676224642936510       0.37834149846879261       0.41930520986475500       0.46882612426290615       0.52377590655674755       0.58140942856891997       0.64814889155037481       0.74699273798353405       0.89752891060837703        1.0455596347697655       0.98092778657427515       0.39647866237735446     
 -0.14054537287828570        1.7085411905602629E-002  0.12111811566313399       0.19189433962592092       0.23790528106275621       0.26914428539582186       0.29358752803113108       0.31575704227990709       0.33828639926196641       0.36205244981033036       0.38590837596297733       0.40458839293124399       0.40713356277499052       0.37748899907294009       0.30638568949873757       0.22128809029194910       0.22650874447445332       0.48789750690470590        1.1189435135802293        1.8579162847141386        2.1939866269317565     
   7.6699705410305616E-002   8.2745817261993482E-002  0.11202425352961395       0.15294783978786611       0.18695807861685954       0.21382345910775385       0.23633951222451849       0.25355866117722281       0.26367559058583062       0.26061323126254582       0.23683632200016541       0.17432080879255538        4.5798770285913552E-002 -0.19487231763613441      -0.57705229906603028       -1.0692546140369954       -1.5082118178922825       -1.6029215722858887      -0.79727238528788247       0.73965587382447684        7.1494720860757184     
  0.39316538101683995       0.12729114152650434        4.5301373598855631E-002   3.3737372251142761E-002   3.3548093650531408E-002   3.4142043173366637E-002   3.8480930222692909E-002   3.7486165811073988E-002   3.2448890845148244E-002  -3.9267946271357599E-003  -7.6485065203626190E-002 -0.23942677135232343      -0.50631387441562448      -0.92955221592512605       -1.4436573039946283       -2.2502611507529142       -2.9145357648310632       -3.9105934635948580       -3.4636873147762230       -7.6084904768485124        16.501967619681793     
  0.78513763082594890        8.6994168650797940E-002 -0.15838102517102623      -0.29768827760137612      -0.40785737704681585      -0.52536141171650630      -0.60098729622404945      -0.70551519566172483      -0.70048684042486198      -0.78054194953650058      -0.62856268875367283      -0.69437240621496443      -0.50226298978707529      -0.47471856845052518       -1.0388195804361366      -0.74293957081525352       -1.3768901186312157       -5.4638670716203430        2.6702310372494975       -22.750955450058434        25.626198801498649     
   1.1384264592966091      -0.73791754819472322       -1.4061810453652919       -2.1104481525471046       -2.5777912612700762       -3.3310572405456345       -3.5225154778172043       -4.5100994351283044       -4.1523977483579610       -5.7673648097242101       -4.2466517059282598       -7.2789103413603282       -3.3302841400446450       -9.3488974284633954      -0.69930951099275906       -12.677472315580447        3.9977913486143986       -18.101805630314857        10.233407499659162       -28.420680591649660        23.100931320057395     
  -39.999999403953559       -38.861572944656956       -37.707266293952884       -36.562802534152979       -35.536590158513029       -34.454170862856685       -33.596807813607789       -32.509092244980089       -31.907089281900888       -30.671146939196340       -30.512747011999938       -28.821226455976888       -29.465128166396941       -26.701316847851707       -28.783566833729580       -23.919116851085338       -28.660358786036422       -20.289439909498274       -30.063834108589706       -16.899068083896164       -39.999999403953559     
