  -0.0000000000000000        6.4613561538701646E-004  -2.6250996395810744E-003  -1.0243830519935960E-002  -2.0792558417329285E-002  -3.2188443289980398E-002  -4.2389480854344325E-002  -4.9868982568279908E-002  -5.3842255610866384E-002  -5.4250324697570552E-002  -5.1574302051572568E-002  -4.6583734319173439E-002  -4.0106456432904856E-002  -3.2870644711136814E-002  -2.5435955349901656E-002  -1.8210227287279394E-002  -1.1537280276102445E-002  -5.8265881615029427E-003  -1.6574582442678957E-003   3.0622324983828829E-004  -0.0000000000000000     
   6.4613561538701646E-004  -3.6409662926498651E-003  -7.8171547885420994E-003  -1.2967234258273348E-002  -1.8967648387766850E-002  -2.5202134466871005E-002  -3.0940112646224770E-002  -3.5526029596700912E-002  -3.8482886740870352E-002  -3.9567568953100138E-002  -3.8780782054009158E-002  -3.6331532587832414E-002  -3.2569296332947389E-002  -2.7908543202435587E-002  -2.2770381412600939E-002  -1.7554503841584867E-002  -1.2635667216368832E-002  -8.3558145105717199E-003  -4.9555740810237154E-003  -2.3573848500620330E-003   3.0622324983828829E-004
  -2.0722893913024173E-003  -8.0353122360923498E-003  -1.2072533248358120E-002  -1.5125677659714088E-002  -1.7650911323831984E-002  -1.9902225211321671E-002  -2.2011712161622284E-002  -2.3972016272704157E-002  -2.5633253548505045E-002  -2.6754397739298157E-002  -2.7091220420378769E-002  -2.6481639144890115E-002  -2.4898013008052982E-002  -2.2458082194795302E-002  -1.9404291442765204E-002  -1.6064256098139204E-002  -1.2793663876481792E-002  -9.8866425027830732E-003  -7.4298267245378295E-003  -5.0860066114072318E-003  -1.8324176825092512E-003
  -8.4689041786389172E-003  -1.4294653668234054E-002  -1.7233470803561201E-002  -1.7945463705433606E-002  -1.7211877879689103E-002  -1.5881121903472531E-002  -1.4694165479277637E-002  -1.4117053720938440E-002  -1.4273615688642832E-002  -1.4988051587048421E-002  -1.5900991210674304E-002  -1.6611317870035485E-002  -1.6802024183090760E-002  -1.6323279938726343E-002  -1.5222948694094466E-002  -1.3724921848486241E-002  -1.2155215015932665E-002  -1.0812339269824301E-002  -9.7852467744853049E-003  -8.7467393394381997E-003  -6.7872908976472157E-003
  -1.8289040906870526E-002  -2.3088141164077133E-002  -2.4011510085540144E-002  -2.1614594681654612E-002  -1.7110097866377481E-002  -1.1975918519938539E-002  -7.4960934034580687E-003  -4.4737190824139066E-003  -3.1715460523281691E-003  -3.4060383819673789E-003  -4.7075527788920718E-003  -6.4935174219912292E-003  -8.2267476493180398E-003  -9.5392506288551181E-003  -1.0304956097898298E-002  -1.0648553328630317E-002  -1.0881175288157303E-002  -1.1360018848899291E-002  -1.2285308763881836E-002  -1.3474895197714823E-002  -1.4181228730783551E-002
  -3.1753931063460666E-002  -3.4694184936755600E-002  -3.2314265359153445E-002  -2.5376870807563984E-002  -1.5930447310979666E-002  -6.3510416458122899E-003   1.5141527815767989E-003   6.6974980201072766E-003   9.0333240192937633E-003   8.9039595543310320E-003   6.9856434915310326E-003   4.0485181444968486E-003   8.0109343045293904E-004  -2.2346276494210828E-003  -4.8124614721339002E-003  -6.9965353659438125E-003  -9.1191140293462782E-003  -1.1648179345759254E-002  -1.4969063753823585E-002  -1.9107698410118352E-002  -2.3444258968702461E-002
  -4.9670417215181180E-002  -4.9221855274704213E-002  -4.1377963162908628E-002  -2.7621818161151189E-002  -1.1544183547504855E-002   3.2153902515566907E-003   1.4323681667194898E-002   2.0975799199864555E-002   2.3462717117085957E-002   2.2633057112801731E-002   1.9510011919233940E-002   1.5080963201835470E-002   1.0182617751392085E-002   5.4153906431052903E-003   1.0681933475727504E-003  -2.9270181847212222E-003  -6.9767202065817470E-003  -1.1712173064161389E-002  -1.7759385918047814E-002  -2.5381477512949103E-002  -3.4007598276578933E-002
  -7.3223161586737417E-002  -6.6506274760488426E-002  -4.9725638868221157E-002  -2.6023875676384686E-002  -1.5008373393434278E-003   1.8749212517351194E-002   3.2330337654860340E-002   3.9183124260349991E-002   4.0512498754595810E-002   3.7895361329515535E-002   3.2804195384972964E-002   2.6442244614956031E-002   1.9714714262907208E-002   1.3215030026132861E-002   7.1865936746279618E-003   1.4798963745381926E-003  -4.4497223634245445E-003  -1.1454496375728106E-002  -2.0460214908942218E-002  -3.2002040366371443E-002  -4.5450598713073657E-002
 -0.10361520184456244       -8.5782183600009831E-002  -5.5062640387525508E-002  -1.7866848193006678E-002   1.6278993513391543E-002   4.1267845878093880E-002   5.5630910412336684E-002   6.0867595564875282E-002   5.9526539132160376E-002   5.4048457578690576E-002   4.6338953733662730E-002   3.7744339282784478E-002   2.9151278127919466E-002   2.1058372674083774E-002   1.3578912993195065E-002   6.4031248882423075E-003  -1.2244632213468875E-003  -1.0452290181902354E-002  -2.2605573374805590E-002  -3.8607565836733110E-002  -5.7694729159933567E-002
 -0.14152676626746316      -0.10523044596464273       -5.4342164873922856E-002  -7.4351765958850151E-004   4.2553849303823471E-002   7.0018156591847472E-002   8.2636260458770622E-002   8.4257590797298526E-002   7.8961462718763170E-002   6.9953252730450263E-002   5.9406797290191674E-002   4.8673436950523265E-002   3.8524554191606851E-002   2.9291769510982835E-002   2.0889205454693874E-002   1.2765508783604345E-002   3.8540576130696139E-003  -7.4191259589880083E-003  -2.2984008876975690E-002  -4.4497911802459468E-002  -7.1246317275352591E-002
 -0.18626639577086862      -0.12157449274429269       -4.4327038757798948E-002   2.6315266702665957E-002   7.5890322912383373E-002  0.10228240052129080       0.11048598029338166       0.10702133180126058        9.7258337228712632E-002   8.4829918813369196E-002   7.1928444065545730E-002   5.9773897034822977E-002   4.8965186932404960E-002   3.9638669247232458E-002   3.1458089453679769E-002   2.3510943869003455E-002   1.4209358164718400E-002   1.2596968752463344E-003  -1.8299276579248628E-002  -4.7674235909390031E-002  -8.7302704690638860E-002
 -0.23448477160550793      -0.13006590801990509       -2.2866733336049376E-002   6.1647098201501611E-002  0.11252991247918299       0.13426740982286800       0.13648119366248801       0.12783879872823006       0.11436303950139838        9.9696905718921563E-002   8.5866830994321880E-002   7.3935650308116468E-002   6.4387190808300687E-002   5.7224950611614575E-002   5.1831488679714877E-002   4.6689834678612915E-002   3.9147351124004186E-002   2.5395757914878081E-002   5.0254061874626949E-004  -4.1855787459007289E-002 -0.10680904251397125     
 -0.27847214717448443      -0.12533437452425905        9.3310398206135816E-003  0.10049033527670452       0.14750607949968003       0.16299310937915282       0.16007030691045110       0.14825325299110007       0.13348609011269855       0.11916560097170119       0.10718934515232009        9.8658216792777725E-002   9.4219320450261920E-002   9.4010145979541132E-002   9.7204081943630657E-002  0.10127090479499115       0.10128128897020339        8.9883113154480526E-002   5.7700149833236312E-002  -7.7726207427903145E-003 -0.12487401148503392     
 -0.30446148464658546      -0.10345105999359505        4.7242926726689352E-002  0.13581679787143491       0.17649294015321187       0.18792379450182278       0.18399586698163409       0.17357159835973085       0.16205079305042161       0.15259965078857127       0.14728221540767256       0.14769420342544434       0.15524975747294012       0.17088688019827711       0.19398234845119194       0.22076672181192317       0.24261245037102069       0.24594790476991957       0.21165469004559134       0.11081420095605939      -0.10763902694112230     
 -0.29207507556754259       -6.4911400955458498E-002   8.1356027885860369E-002  0.15978253519702745       0.19626646160980332       0.20980385315133893       0.21206700794915445       0.21013015920912284       0.20872551453058802       0.21081865197284028       0.21895921566835130       0.23563988653121418       0.26361578042590306       0.30530011541056012       0.36037237370038572       0.42392517102798194       0.48537633024573629       0.53403653667292073       0.54880710636420982       0.45581301985793227        9.2652543598971029E-002
 -0.21691621996743901       -1.7152975340186283E-002   9.8933369822172990E-002  0.16336585565665870       0.20050714743137313       0.22316363277716189       0.23930082152798010       0.25317410628591214       0.26902391826710920       0.28879715444274684       0.31541607522684401       0.35084072614546780       0.39714756030272974       0.45470885350110762       0.51709298306267604       0.57224179206851078       0.61449268169662619       0.69610728787675935       0.89888084042398397        1.1557336128588740        1.0133602216411415     
  -5.8559241451161134E-002   2.5458471642837498E-002   8.5317683191294402E-002  0.13111407869709002       0.16857182450685185       0.19945431473118655       0.23009247798775506       0.25818005180018533       0.29031786062717840       0.32206910386963405       0.35973563272318831       0.39614656184420954       0.42745507761491169       0.42824175226391775       0.35492351295440561       0.15598701592516859      -0.17028805556879545      -0.34719110623438509       -4.5846752073151829E-002   1.0337474649123983        4.1328256845693945     
  0.18596344786638166        4.3881261460565021E-002   2.2827664185333389E-002   2.9298531421429432E-002   5.0071032144133581E-002   6.2192330466217791E-002   9.1287713790833072E-002  0.10000751635606846       0.12932123746064492       0.11644124091130145       0.11576607540407066        2.9464039973612421E-002  -9.1674934843343783E-002 -0.35627423422934990      -0.71326705602230034       -1.4176492287512177       -1.4409608492996111       -3.0782693554810296       -3.1876820333643288       -4.8519146427322859        11.298577624867677     
  0.48960503985114312       -2.5006078589445446E-003 -0.12002016345129195      -0.23552594922333309      -0.25336852988470193      -0.37988986851290008      -0.33614514154533737      -0.49961516642762804      -0.35341379328670153      -0.56718391809234614      -0.25568366996244557      -0.51442788193666411      -0.20978900657166524      -0.33413915436360769      -0.49410661567244613        1.3311785345308511       -2.8106729773707162       -1.3674552553671757        1.3001790874387000       -18.890834860955163        19.505926093597857     
  0.77813393148767873      -0.67561375968202619      -0.58322899650095472       -1.6540458766474042       -1.1345658979261979       -2.7035753582620732       -1.4812450998468787       -3.9018876380391294       -1.5168978811416631       -5.3698585934156515       -1.0707851736457403       -7.2520082761352818       0.20421270539454953       -9.7193630639958357        2.7092631500670268       -13.151456861392736        7.4397962266293849       -17.405846656294852        12.586676340227898       -22.813919109962359        17.418664323975289     
  -39.999999403953559       -39.221865472465879       -38.728296239713181       -37.847100242023622       -37.523564911176187       -36.499469057171225       -36.443384801219821       -35.152822670916350       -35.521874355381684       -33.765278492401762       -34.813827976566394       -32.270310267640696       -34.385009384597772       -30.548337880341418       -34.302369203056323       -28.462088211899584       -34.579695848954081       -25.606531804736854       -35.459106419617953       -22.581335079978274       -39.999999403953559     
