  -0.0000000000000000       -8.6108950986071766E-003   2.1166468026736131E-002   9.3036015583515555E-002  0.19497939151531049       0.31181411830955774       0.42929006155193106       0.53521888203664914       0.61965132620187691       0.67487910107275051       0.69555881938419961       0.67903178313037071       0.62578393340638749       0.53990718367644108       0.42937655986414819       0.30594779921791765       0.18449807038503513        8.1622160412251801E-002   1.3069756115438636E-002  -1.1365241637630951E-002  -0.0000000000000000     
  -8.6108950986071766E-003   3.8060825546100380E-002   8.3441296960496056E-002  0.14154761065141863       0.21291655466754142       0.29186974701210228       0.37062271249242301       0.44137866119736552       0.49736006792192194       0.53333270761613327       0.54591020534449175       0.53376748263256735       0.49779381101407771       0.44115547903563829       0.36920078526743205       0.28911363466065099       0.20918609261702240       0.13749796058783831        7.9608059696763447E-002   3.4569248663849694E-002  -1.1365241637630951E-002
   2.0511602671035929E-002   8.6024621708019389E-002  0.13294764127999215       0.17649221373675966       0.22244733665551530       0.27068850235707076       0.31804217346701075       0.36027482472996969       0.39335460657136717       0.41418394805683145       0.42096574053950797       0.41331894802720959       0.39221943941950793       0.35981067977553599       0.31910236972645462       0.27354338631128594       0.22640492106895829       0.17983070752073677       0.13331939299776147        8.1397640305361826E-002   1.0607774661736952E-002
   9.5583203655761367E-002  0.15263183712969666       0.18585936836914821       0.20871774451395320       0.22868722037495956       0.24853979246222285       0.26805804656484772       0.28560511010489587       0.29930402687895702       0.30777334723571825       0.31045936864052487       0.30764723895840795       0.30024592670810218       0.28943867549250935       0.27627591351351694       0.26125938898630713       0.24391914238362492       0.22232147326711926       0.19239889164524054       0.14705643850509920        7.5353395814641816E-002
  0.21346771627193040       0.24344821299728975       0.24965398241712822       0.24403669917771517       0.23449704860021967       0.22522494059966500       0.21775982919300924       0.21220848929691588       0.20826529785332409       0.20586315001296868       0.20542145074058438       0.20774640544549167       0.21368519220993754       0.22365239935069856       0.23714528247636760       0.25234765831280531       0.26588764665739001       0.27276152333675940       0.26638617981112517       0.23876216063359643       0.18092126639024889     
  0.37000144135227869       0.35926776060282084       0.32698867973310525       0.28475957861855000       0.24069420795164539       0.19965885602273270       0.16413984283443897       0.13530489663089568       0.11391432294879521       0.10088328070118845        9.7436138918809923E-002  0.10489576952353002       0.12420928079224088       0.15533936457314035       0.19666318731682475       0.24452622081610653       0.29308945657981456       0.33456757235884488       0.35987540638002885       0.35961530387630231       0.32533361945263400     
  0.56234017779037304       0.49935746527043345       0.41812095350697698       0.33102448328804479       0.24655452426657989       0.16986848154216289       0.10382449618703946        5.0098802744869567E-002   1.0090862499233303E-002  -1.4559005204305076E-002  -2.1888319095921285E-002  -9.9244202208027075E-003   2.2704639237785533E-002   7.5982834666058027E-002  0.14769431345654022       0.23278204351939930       0.32311505631074044       0.40789723206475759       0.47483681645455927       0.51196014978509907       0.50969409265186438     
  0.78905098536590657       0.66269120471610610       0.52215975658493841       0.38164562487154030       0.25023177343056602       0.13309690447317474        3.2987774315159868E-002  -4.8405889848433824E-002 -0.10943226590548209      -0.14793698183380927      -0.16121281748325289      -0.14638680321073400      -0.10116802707532717       -2.4865640782372207E-002   8.0456325456552832E-002  0.20891968349229062       0.35024113096389425       0.49007758082914105       0.61167048741183194       0.69871956675105551       0.73875002603006856     
   1.0497802142804704       0.84832894654089930       0.63759464073986827       0.43450935152092818       0.24895260422249671        8.5835236406323068E-002  -5.2710504660338192E-002 -0.16549685887792637      -0.25102488353804020      -0.30684642794844208      -0.32948728268658956      -0.31485716689642274      -0.25910044977502916      -0.15986710224758766       -1.7944854115765872E-002  0.16096847612373180       0.36487312492880675       0.57530278569172921       0.76928281148138122       0.92368004879237275        1.0208416342280682     
   1.3451187941921021        1.0555178060144552       0.76239277632281111       0.48656686620380296       0.23890236235531820        2.3647014200307230E-002 -0.15829934121632780      -0.30686443606045471      -0.42119494574122124      -0.49885529415203023      -0.53565985200960642      -0.52601919947582076      -0.46379318468075281      -0.34374846053376651      -0.16373183197234131        7.2522901818841565E-002  0.35254484661376556       0.65359134879677527       0.94435022717798278        1.1912024121997595        1.3678682311843215     
   1.6769823328328954        1.2837700342267786       0.89374841821125839       0.53336398872898749       0.21465805742896929       -5.9392294901517394E-002 -0.28996191650332337      -0.47889008590756127      -0.62662566625576854      -0.73123235450529467      -0.78807760213447819      -0.78999640797334436      -0.72795193083201681      -0.59244965825430618      -0.37611632997139294       -7.7745826495125528E-002  0.29255553162920811       0.70894133186760400        1.1297215515190702        1.5054873979162040        1.7955110302978023     
   2.0498438176394034        1.5329792804251672        1.0273297878589946       0.56784110022816037       0.16786233594232891      -0.17194618265578393      -0.45607607792688554      -0.68936624816390479      -0.87447325419962385       -1.0107311357743332       -1.0936920008781754       -1.1149821853806037       -1.0624820084439091      -0.92123874098440262      -0.67593417519051235      -0.31594897267636962       0.15646433471421453       0.71654273115085654        1.3116297342333283        1.8692557414665407        2.3239236515333817     
   2.4733461792049312        1.8033996042850586        1.1554752851303480       0.57775860702264970        8.4523861186413848E-002 -0.32790019558205091      -0.66929197632088888      -0.94904223416625710       -1.1732762910102092       -1.3437579803616875       -1.4573748609110280       -1.5056157067768037       -1.4739522630561606       -1.3415775592824659       -1.0826978972695784      -0.67147564364561751       -9.3072636568975048E-002  0.63884771857255840        1.4649380791467226        2.2813127192458520        2.9792819099675509     
   2.9671779595547760        2.0947388572596193        1.2629542297341780       0.54035715892103553       -6.0232104270296814E-002 -0.55099485633416123      -0.95032912357380905       -1.2745065379036051       -1.5349044299848351       -1.7373615384971068       -1.8818545156748776       -1.9616764783510110       -1.9618378050692196       -1.8569303903129033       -1.6096671325205854       -1.1731287782374018      -0.50214614907768063       0.42037184695589547        1.5448346630924896        2.7315412302986086        3.7969492721874154     
   3.5695884965476568        2.4019371393934650        1.3169396712892574       0.41133744585122495      -0.31210864348066125      -0.88299486888376888       -1.3342562772980389       -1.6927540868176212       -1.9777187609899129       -2.2012705336544807       -2.3687432946531897       -2.4779148518157714       -2.5166331824407315       -2.4585243372603789       -2.2572167660410702       -1.8419035894087077       -1.1223245769250889       -1.8362740244845771E-002   1.4719486912170008        3.1893269967443203        4.8273875576406917     
   4.3509254460241333        2.7000691608301963        1.2430758466551637       0.10221056243276930      -0.75579236004118378       -1.3968525615489729       -1.8792519774082233       -2.2466192588316862       -2.5298719402824190       -2.7500985167890222       -2.9203127083144582       -3.0454867950619375       -3.1202471578150810       -3.1231580651635107       -3.0062907934708716       -2.6802396525768537       -2.0014177106052942      -0.78545751624415316        1.1058427927141894        3.5744092490061146        6.1450110719233386     
   5.4292071608535162        2.8947794231096915       0.86799483113375719      -0.56520466636424715       -1.5452645957181939       -2.2137909798979631       -2.6740598096683779       -2.9963762462270647       -3.2282534080853225       -3.4020056634781990       -3.5394114499258009       -3.6538092850647557       -3.7493398165286567       -3.8158412391803447       -3.8160969899334822       -3.6603243423464447       -3.1650644092466238       -2.0136521914578811       0.20129369802899397        3.6806550975254257        7.8514130994108866     
   6.9565342068405069        2.6629458092925615      -0.21794271458358550       -1.9428741764552264       -2.9420458939874470       -3.5106232464563947       -3.8283695981935062       -4.0034357620216356       -4.1019095856743286       -4.1654221780925749       -4.2213876676459847       -4.2886750759316232       -4.3798292742668821       -4.4991189442678126       -4.6325914477558703       -4.7201924978664307       -4.5899875976894746       -3.8313373308936898       -1.6477609235389672        2.9791340676722395        10.020109081746376     
   8.9015577327087527       0.93194093357941699       -2.9709837658820439       -4.6683474510642951       -5.3092540752934188       -5.4620639399216939       -5.4028661261613911       -5.2668697728822638       -5.1216388790906162       -5.0026267988100290       -4.9307156807758252       -4.9211724056229782       -4.9884070943784975       -5.1480312688535319       -5.4146336118020777       -5.7865699591240087       -6.1883448470073406       -6.2876049598585313       -5.0221323619160954       0.14380041372431901        12.343429274398050     
   9.7625367656739215       -5.9040620037900444       -9.4086508508154409       -9.5622257054598006       -8.8312011807535615       -7.9701739693666296       -7.2022898307323917       -6.5805311828705744       -6.1067587587379926       -5.7714238725930800       -5.5666779905762001       -5.4909997177949181       -5.5518839674789717       -5.7693295841634500       -6.1816416133534737       -6.8532863851625931       -7.8732844558308948       -9.2697561089909861       -10.473537135577544       -7.9158812254842195        12.531981177888539     
  -39.999999403953559       -30.237462638279641       -21.659534081546717       -15.969018407110395       -12.339905312560481       -9.9872764116093222       -8.4205653901437394       -7.3597305792799164       -6.6477856417096266       -6.1970743290292249       -5.9604759177470452       -5.9173882779038642       -6.0687320163040619       -6.4391508645668996       -7.0884852449634232       -8.1409556510021730       -9.8542708756035751       -12.777350573652468       -18.047266417765901       -27.468018226065020       -39.999999403953559     
