  -0.0000000000000000       -8.1593453742013974E-003   8.9713866876448157E-003   5.2676136072797766E-002  0.11382573504278401       0.18310763839152860       0.25274796931796095       0.31547795541391754       0.36354986855529187       0.38889959927232931       0.38456784902856189       0.34692910178211822       0.27792656232667223       0.18632589801695465        8.7103231561306949E-002  -1.3959491208201656E-003  -6.2046917238883621E-002  -8.4100595020829755E-002  -6.7811784128749206E-002  -2.8492188741952262E-002  -0.0000000000000000     
  -8.1593453742013974E-003   2.6458469443994156E-002   5.8825175928437147E-002   9.9519878832066894E-002  0.14908615896331692       0.20333129293774188       0.25645053813668589       0.30247496584897748       0.33596807559427039       0.35259367277209658       0.34973886725888903       0.32706307210990143       0.28676062181218814       0.23342684157848834       0.17354858325825065       0.11464591228185354        6.3958055040893705E-002   2.6491383672109823E-002   2.6045955186887637E-003  -1.3357438472661224E-002  -2.8492188741952262E-002
   1.1308170703537913E-002   6.3319039846135280E-002  0.10017728027543783       0.13626039710549231       0.17639154189770839       0.21907861823266828       0.26001073249324946       0.29469036732571979       0.31990188314513002       0.33418829635793679       0.33762851568442798       0.33118805446020821       0.31594010241722642       0.29250908955213684       0.26103064701585688       0.22164664966576783       0.17511173813163369       0.12274060469474617        6.5188315494886545E-002   9.3055921393940262E-004  -7.2871847784382271E-002
   7.1010999971766409E-002  0.11552443950993489       0.14227898580171494       0.16716984559002809       0.19601413015925556       0.22774096483257164       0.25852175006069922       0.28505727259992769       0.30614639947927819       0.32261167497187027       0.33618039229886426       0.34800840398592825       0.35743107328950102       0.36138950042630047       0.35481682811495524       0.33200200613775632       0.28848027148352967       0.22240247045356687       0.13417815610190095        2.4393684809769542E-002 -0.10768892225286077     
  0.17458045363317184       0.18759290166347431       0.18836978331945289       0.19349377419988009       0.20720434870227891       0.22660539736780963       0.24707056330789257       0.26596186166255187       0.28382053386248257       0.30346103573855471       0.32803497242007978       0.35900204976603839       0.39453645060814735       0.42867183191336811       0.45154290235585293       0.45113449482507439       0.41650959696715950       0.34128612041291895       0.22492264843703641        7.0279614816293093E-002 -0.11993699902254365     
  0.32207452337963088       0.27967598622088241       0.23844876023949454       0.21468047893761924       0.20837285090381771       0.21239110094758076       0.21979096111283780       0.22784092042901141       0.23852802912292467       0.25676793675253956       0.28788699332905204       0.33523045299560189       0.39797385599699220       0.46915264586267780       0.53456546700734631       0.57393123748047969       0.56554732245537942       0.49367227123710100       0.35420413928061706       0.15311933846048367      -0.10079401466492470     
  0.51004911424481070       0.38948032173876262       0.29120473913345873       0.22966166598083590       0.19777631951937874       0.18161619072499782       0.17017904662935970       0.15965504911587636       0.15311686945542163       0.15800341474902774       0.18337848018811193       0.23735456754858475       0.32398705837754677       0.43922754778260920       0.56681395885270203       0.67662950351246864       0.72927904356394724       0.68904732946232405       0.53992195107631424       0.29043211098396482       -3.9439698876655827E-002
  0.73042113600925918       0.51304777999823947       0.34522640463706666       0.23789036201946992       0.17441576827276278       0.13169135189966868        9.2834175699755467E-002   5.1765072120748448E-002   1.2120442860521266E-002  -1.5743335657244142E-002  -1.7363075160301847E-002   2.3326271561328007E-002  0.12009232292932411       0.27812438794755967       0.48565694032740581       0.70594352447805631       0.87616866032520779       0.92328554258051321       0.79842336696494953       0.50455423608861172        8.1665948634508836E-002
  0.96977116363666871       0.64514140746382509       0.39970111489492749       0.24010102978878411       0.13902176618523138        6.2572398592385267E-002  -1.3580744754744597E-002  -9.9008684032778363E-002 -0.19022515852041175      -0.27404123014532711      -0.32996272066612570      -0.33237232090806162      -0.25432009942360811       -7.4336372760229058E-002  0.21212498572904825       0.57554005290230648       0.93517760934692751        1.1631340354365998        1.1370556590818455       0.82318848220993257       0.29084656897990580     
   1.2099354902710810       0.77954257802714222       0.45466121397424714       0.23872124685663804        9.4873649558609247E-002  -2.1621477532172393E-002 -0.14333099573539121      -0.28418634739948151      -0.44155414173975999      -0.60013404703061479      -0.73460855154916549      -0.81167337131219508      -0.79254490272518618      -0.63673111164273177      -0.31080427291470764       0.18900196483285908       0.79472776978794657        1.3281753966793994        1.5394282836053947        1.2772179276774507       0.63075927145411714     
   1.4302743722383044       0.90937471079928656       0.51075613459571778       0.23777891098471590        4.8013102239549681E-002 -0.11204614386215093      -0.28262356391127486      -0.48206824732744491      -0.70890286256539214      -0.94667485192296708       -1.1678959300070810       -1.3369772500393982       -1.4114087715877128       -1.3393031624294667       -1.0563440901894425      -0.49878898435955571       0.33764693672298784        1.2855965604515374        1.9432313091044926        1.8934894235227098        1.1615292374050425     
   1.6114729355863222        1.0275835990782378       0.56859526370899649       0.24216904065724296        6.4657453646227488E-003 -0.19645531660144031      -0.41225869199936527      -0.66277300608787115      -0.94742451071560374       -1.2492656056012825       -1.5412319790343882       -1.7916348693801292       -1.9660596742377658       -2.0195335476164176       -1.8758108811006111       -1.4090018164280600      -0.48136112951616405       0.88239631048436984        2.2189150836746991        2.6788405588499882        1.9647453191485311     
   1.7402257773253622        1.1278171848998488       0.62789833525166727       0.25633436101034773       -2.1492152718224022E-002 -0.26216401411852402      -0.51319579217468481      -0.79826520693567327       -1.1173220087232614       -1.4533899560008807       -1.7812421576276489       -2.0763876927506058       -2.3206349802456869       -2.4948506057491042       -2.5460601814134587       -2.3271077603395933       -1.5592005272244436        2.4479930141508583E-002   2.1706547185822376        3.5893634226206381        3.1519966312387284     
   1.8140645207929571        1.2060340122191258       0.68690755145419158       0.28269658485818022       -2.9472990557919770E-002 -0.29926259196929078      -0.57191351362499887      -0.87116884940403394       -1.1976244994720036       -1.5353032564190412       -1.8615656381426169       -2.1586819410425417       -2.4240999609487335       -2.6704455198449497       -2.8962913674708406       -3.0012889135976897       -2.6490597742381303       -1.2367231521234314        1.5819425008371897        4.4774176992790045        4.8821105012626758     
   1.8464794152337656        1.2630808491846359       0.74254207062252364       0.32036532860095035       -1.4826347053641428E-002 -0.30268238341076348      -0.58273436749264840      -0.87723465021274738       -1.1880971246727710       -1.5022687232233642       -1.8011242028770118       -2.0723296381785556       -2.3226193302155895       -2.5861067806602751       -2.9120180823447988       -3.2936388464995794       -3.4759890522930252       -2.6812854962789592       0.30361519710860024        5.0145219966347510        7.3803209523532134     
   1.8751582537748746        1.3074961710256889       0.79083401383265883       0.36435262043565764        2.0195900803016125E-002 -0.27278081930029652      -0.54696728316078780      -0.82211796091293843       -1.1022436333767553       -1.3795237096274191       -1.6418844792177139       -1.8828922850764542       -2.1132465708970147       -2.3722569448788100       -2.7312215662616630       -3.2650389305001628       -3.8911429518436553       -3.9925432347016461       -1.6368770895090607        4.6061773116750420        10.919349477552041     
   1.9812525554523959        1.3512729794009148       0.82044579025911279       0.40063200523040843        6.4440409208554511E-002 -0.21875331941909579      -0.47591464254888194      -0.72456611665818382      -0.97163431690218527       -1.2162823857786651       -1.4550139227512582       -1.6882144827501857       -1.9275122730211869       -2.2057716784129227       -2.5817899855351487       -3.1591968716469045       -3.9760524178156706       -4.9034274178563955       -3.9097610644451390        2.3565404835867909        15.661323545286105     
   2.3285532717990285        1.3562236576815212       0.74744616646909978       0.33631257968555045        1.7372335590668964E-002 -0.25504270356559244      -0.50568174194479165      -0.74950884771480886      -0.99495621695490821       -1.2461830409722794       -1.5054224540914352       -1.7766783413737199       -2.0669632468512202       -2.4008054080023187       -2.7979081951367690       -3.3733591882802276       -4.0835294921087080       -5.4302240111769784       -5.7763502415429064       -2.7345126007548886        21.165863617833057     
   3.1685994670336437       0.91879227912702399       -2.1202694663098150E-002 -0.56931243839077939      -0.99312977068788533       -1.3571837201929937       -1.6826783107477881       -1.9817884903249752       -2.2639951288356199       -2.5373652503403448       -2.8069517180358456       -3.0815176401915245       -3.3568614652252236       -3.6727062538404867       -3.9717474993380275       -4.4865214848627977       -4.8004064186575857       -6.2142100942133212       -6.3281603540690554       -10.884074590573531        25.272375619881089     
   4.2834347234281651       -2.6616703177622592       -5.0024287273047348       -6.2267528774864669       -6.9188125803924478       -7.2908793465755046       -7.4572516742602737       -7.4897000097231405       -7.4360264051579632       -7.3322607229276597       -7.1987190902932507       -7.0689506614764435       -6.9257053477560122       -6.8715290467649881       -6.7302171577863614       -6.9998446925446567       -6.6767767260361399       -8.4010556871320983       -6.2911174416513562       -19.243515062218464        22.145897886186308     
  -39.999999403953559       -35.716564680525401       -31.358200612799067       -27.621090848534628       -24.450035425463533       -21.730878635835712       -19.371386320260374       -17.306551626872960       -15.495108694777995       -13.914419814557160       -12.558845856560836       -11.428272947657376       -10.546606636663144       -9.9112471248331317       -9.6296315250873672       -9.6328684504451587       -10.414976971527377       -11.440980766091661       -15.175813603526350       -17.854101517767255       -39.999999403953559     
