  -0.0000000000000000       -7.7605990703218091E-003  -2.9248346103809348E-002  -5.5880399631478291E-002  -8.1833139658543275E-002 -0.10461764766096235      -0.12402278914222416      -0.14099023373870062      -0.15670096887555499      -0.17189392654938268      -0.18640794853659537      -0.19896236656138147      -0.20721960929851893      -0.20816968606283021      -0.19881758377065342      -0.17706648927405913      -0.14266769698404624       -9.8254075596378568E-002  -5.0685798542102881E-002  -1.2496070932328372E-002  -0.0000000000000000     
  -7.7605990703218091E-003  -1.4013190300834439E-002  -2.0571592645523745E-002  -2.9138957807301150E-002  -3.8440056988001646E-002  -4.7249455619230205E-002  -5.5044148377036702E-002  -6.1920552913867589E-002  -6.8306618877694361E-002  -7.4643488989377046E-002  -8.1106030653155664E-002  -8.7401709666778002E-002  -9.2680339284568383E-002  -9.5590326827877686E-002  -9.4525717927980632E-002  -8.8110909568529058E-002  -7.5931652129213642E-002  -5.9359133457379004E-002  -4.1865644336519403E-002  -2.7256069610888608E-002  -1.2496070932328372E-002
  -2.9820431095952157E-002  -1.9963802374424498E-002  -1.0243307939001687E-002  -2.5565808299064458E-003   3.1565620677099465E-003   7.6043846039585928E-003   1.1458036930721813E-002   1.5057860553526699E-002   1.8339513181050742E-002   2.0895516480000736E-002   2.2123491440931762E-002   2.1423981471265188E-002   1.8415359598909487E-002   1.3124118481428085E-002   6.0710957181475842E-003  -1.8799710851087682E-003  -1.0033914943246553E-002  -1.8614051262887728E-002  -2.9017929574124423E-002  -4.2154751215697631E-002  -5.3810624170466871E-002
  -5.6953159135807237E-002  -2.5466362459079385E-002   2.0038403597373599E-003   2.5248180019446714E-002   4.4794048831872796E-002   6.1618419697010041E-002   7.6724983302148997E-002   9.0789591006315451E-002  0.10392557531159247       0.11560177355682211       0.12472007440956674       0.12982707085901504       0.12942180634443198       0.12231865613940544       0.10798733257489002        8.6698347629336578E-002   5.9230092156618779E-002   2.6069355607887104E-002  -1.3317065237923623E-002  -5.9779656342824332E-002 -0.11133159133776538     
  -8.0242833283058423E-002  -2.6335066938364841E-002   1.8452273978437631E-002   5.5953076329445663E-002   8.7877746002989379E-002  0.11591632719134312       0.14155428154372249       0.16577921021532196       0.18879783246546991       0.20989290657347068       0.22747664187097474       0.23930553164726567       0.24280481877996643       0.23549982974278030       0.21555406741912644       0.18226602507808071       0.13612933773498342        7.8034944874952175E-002   7.8759244745354815E-003  -7.5833328625370844E-002 -0.17301934294472690     
  -9.1311009180742031E-002  -1.7828681825094967E-002   4.1291438538711367E-002   9.0297844739741256E-002  0.13235245660210002       0.16989918856288649       0.20482908314588824       0.23836010919171921       0.27078153783488434       0.30131092558984890       0.32813862183941361       0.34854808806147208       0.35903358518467543       0.35554938466724917       0.33414927070918665       0.29204908224505066       0.22854427197637500       0.14468384372552193        4.1179487310904705E-002  -8.3505879716312847E-002 -0.23017185360827885     
  -8.1780454590632212E-002   3.9672210504196302E-003   7.1302778937011049E-002  0.12724002584342625       0.17611110052622059       0.22058052764752875       0.26250551231414088       0.30313718234769776       0.34295561047179751       0.38159297035641848       0.41786225165886964       0.44956163364051549       0.47291053615583961       0.48202837686380595       0.46927978285367000       0.42711010515696846       0.35091278549802141       0.24075753316276721        9.9255311585748782E-002  -7.3265111535262578E-002 -0.27734008303007579     
  -4.3679923159658435E-002   4.1399719162444462E-002  0.10741863745643397       0.16390823953595779       0.21509975700828651       0.26252161433555798       0.30707677070578476       0.34968525813647028       0.39124810646155594       0.43275528497417215       0.47535698698707279       0.51961372869154676       0.56358139554939279       0.60042698578450304       0.61720169581485906       0.59671271092262024       0.52344438431946394       0.39108402844535356       0.20431574802349417       -3.0284647292697402E-002 -0.31059870697410147     
   2.8994016960179562E-002   9.4798574978649741E-002  0.14704506260235778       0.19628538134532236       0.24402472605614184       0.28833578883322303       0.32767823281920966       0.36195248161069848       0.39257721346459079       0.42302787286390375       0.45927492913716533       0.50857138072263108       0.57573935679377342       0.65757167443710929       0.73745707302780183       0.78379766237023807       0.75691751301720389       0.62676996199165358       0.39129073910445611        7.0191641906547100E-002 -0.32303933764920706     
  0.13796953289297278       0.16238381303473928       0.18695053040565668       0.22033946708854099       0.25751957696933642       0.28999026695772412       0.31169123350493338       0.32021874058639127       0.31694011965506685       0.30838398346893636       0.30776504908441277       0.33398204320282565       0.40643201035736637       0.53581114509165850       0.71242922598338554       0.89496028201289224        1.0074270471043414       0.96051016786227883       0.70507263618578508       0.26930704731408300      -0.29594271648494863     
  0.27855100825458290       0.24060733904390461       0.22440023576279788       0.23331013923091462       0.25178428143378895       0.26145452729927693       0.24933139017894615       0.20886789048108714       0.14004498477138105        5.2068267060718695E-002  -3.3393585180327805E-002  -8.2548620813387485E-002  -5.5404728337783281E-002   8.3745043431475125E-002  0.35194669590820776       0.72558593795193793        1.1096289091761571        1.3244867920083243        1.1781440357685107       0.63089974678355865      -0.18417830743528921     
  0.43886955438986108       0.32480975385771965       0.25811255221010126       0.23487260253641290       0.22658300308338389       0.20268431518058908       0.14140038007394104        3.0700729928106824E-002 -0.13156707259246614      -0.33365586059230179      -0.54567318711167834      -0.72093775213681976      -0.80351984733281046      -0.73593789414932131      -0.46337673890564318        5.2051998381910131E-002  0.77502528966754392        1.4898958432892269        1.7648475851717083        1.2385115775198186       0.10702196488818236     
  0.60167252544829375       0.40993249271459847       0.28860703993869358       0.22775595772374660       0.18673472133754215       0.12283957367929309        5.5416906285676512E-003 -0.18190009573103783      -0.44203795960775522      -0.75870956867033079       -1.0941892571800620       -1.3955423092944199       -1.6078409968465155       -1.6795093958261880       -1.5453532395161793       -1.0975133807399799      -0.20709409526865405        1.0857852676802717        2.2316048152025312        2.1508994788737716       0.76174380566488176     
  0.74907864972694238       0.49117096916864050       0.31767696162724063       0.21724308319173699       0.14155859085963232        3.8955994011301953E-002 -0.12735366222507424      -0.37598022530304032      -0.70652617997535694       -1.0957799886362285       -1.4982364731159135       -1.8596060987874889       -2.1393500413501241       -2.3224396470461000       -2.3937116792660000       -2.2565718540727997       -1.6276740513160188      -0.13249132663427357        2.1242428382774654        3.2500882659719368        2.1168157877408817     
  0.86975625876883822       0.56487632952067635       0.34712798954201307       0.20934148856093729       0.10173963197401344       -3.0805972395071407E-002 -0.22737342809434577      -0.50579142844778791      -0.86157679187121072       -1.2657219156769957       -1.6680320195780540       -2.0140601001224039       -2.2727493244738919       -2.4603185206252718       -2.6372553670149683       -2.8363651714788842       -2.8231071866289810       -1.9168644002347328        1.0190055683769037        3.9738864833154368        4.7131335149048450     
  0.96794563245726573       0.63020936938733763       0.37739297906968650       0.20834953647085694        7.5676418745618285E-002  -7.3558081299272118E-002 -0.27668157388718850      -0.54990773412734972      -0.88753026309972471       -1.2612692422074001       -1.6244291491288592       -1.9265699268607379       -2.1368545051735839       -2.2707370570594008       -2.4091185542554161       -2.7308040498877948       -3.2142663680357320       -3.5680698034540375       -1.0006921831866467        3.1524473546100631        9.2018686125940334     
   1.0764169206708532       0.69005534503812427       0.40576168441955057       0.21423850028211713        6.5697668106607585E-002  -8.7631554117566374E-002 -0.27784286694654464      -0.51876973355481959      -0.80634516763774677       -1.1193036463656210       -1.4225451536229758       -1.6779490702936495       -1.8589385277532275       -1.9813696169205428       -2.0600647176854032       -2.3898451308144071       -2.8290065519893965       -4.5334460319400280       -3.0088890398168808      -0.76943709942946581        15.932291287359730     
   1.2809058288948634       0.73450788845476400       0.41338569875588449       0.21910879631134653        7.6383621913052840E-002  -5.9407481379444092E-002 -0.21437882879562400      -0.40038707782656363      -0.61710030151816242      -0.85290650150720759       -1.0897881401240761       -1.3140106548806367       -1.4874781316354682       -1.7227635213433987       -1.7588637320797851       -2.3934882866670089       -2.1768190380002772       -5.1492153450620854       -3.3348599154308229       -8.8948929267140375        24.053862327098869     
   1.7501750786039114       0.57909278100660966       0.16549899230219506       -3.9621627148283385E-002 -0.18408354339408764      -0.30575184236415515      -0.42141186480019754      -0.54893883774130392      -0.69643061988117394      -0.89244431616157871       -1.0892346048411332       -1.4291802572590937       -1.5611373731838933       -2.2530160444368774       -1.9421896455896717       -3.6918648373861642       -1.8775280122306170       -7.2420864151872983      -0.80729395513780822       -19.834391805161662        30.002673701898750     
   2.5051095132456700       -1.5842771258298880       -3.0241526821752118       -3.9859210857892817       -4.6904117944769261       -5.2106490093070859       -5.5594770444528896       -5.8340811774805834       -5.9300893181858623       -6.1704824789727084       -6.0211023411288007       -6.5470828606163947       -5.9155288846163439       -7.2907842338374831       -5.4247967333441487       -8.9107906565520523       -3.9244098081737064       -12.845317830466277       0.40157109585686090       -26.576898767443229        25.927895057497278     
  -39.999999403953559       -37.494889890707888       -34.898290681054831       -32.519449920812086       -30.355901564637730       -28.370258121209030       -26.532815605541909       -24.792089180191127       -23.171269520526792       -21.573184887516177       -20.193401571550186       -18.711142381565590       -17.775602074062721       -16.337141190453700       -16.231011818278805       -14.494873983890280       -16.081173114619830       -13.264470124889687       -19.444890411911484       -14.072104346456285       -39.999999403953559     
