  -0.0000000000000000        3.0331502370049970E-002   7.2928475744786572E-002  0.11772874117693551       0.16164204677551844       0.20189991423954434       0.23444954687879072       0.25471511453341616       0.25921366126741285       0.24694049619740865       0.21957717585154404       0.17955059448415528       0.12920858159315360        7.9565037477394532E-002   4.2486642846057264E-002   2.2904595317409387E-002   1.7102975477141909E-002   1.7003690313664683E-002   1.4197281450744491E-002   3.7633191479342328E-003  -0.0000000000000000     
   3.0331502370049970E-002   1.6574602847913018E-002   2.5602994019965328E-002   3.9483923728294304E-002   5.4087075093672048E-002   6.7536121876543495E-002   7.8229064707895743E-002   8.4592611295661660E-002   8.5416982501927488E-002   8.0213796829576883E-002   6.9425389772186652E-002   5.4607232750049368E-002   3.8438112737712964E-002   2.3341645701209762E-002   1.0911918047909152E-002   2.2233749666277199E-003  -1.8886575433247536E-003  -2.1547329897400524E-003   3.6691729064687172E-004   8.7340585469736689E-003   3.7633191479342328E-003
   8.1456298948753642E-002   2.1163418517184777E-002   1.5700168139258501E-002   1.8653269053593446E-002   2.1337526925174100E-002   2.0985146799099807E-002   1.7845816461340234E-002   1.3519076950044586E-002   9.3772556545804481E-003   5.6093279241748919E-003   1.1824847285647998E-003  -4.9739970645963534E-003  -1.1289208273359046E-002  -1.8567056477897859E-002  -2.5941275796179712E-002  -3.3956801652469830E-002  -3.9861316664569352E-002  -4.1079877038980278E-002  -3.4366369011531180E-002  -5.1853012382466470E-003   1.8357913656148733E-002
  0.14302655927457350        2.9196022434810263E-002   1.0651261069631258E-002   7.6702773221327012E-003   5.3441416874045354E-003   4.7295436508601642E-004  -2.9728383345216870E-003   7.7141484755095433E-004   1.2496976674427864E-002   2.3829314804237941E-002   2.2885190618998817E-002   4.9821759773341443E-003  -2.4474581209405935E-003  -1.1855649600074044E-002  -1.7068518672921543E-002  -2.3134314252889556E-002  -3.0537140947490278E-002  -4.2805863518338406E-002  -5.7965031422769993E-002  -3.5167977587580022E-002   2.2607017580841930E-002
  0.20817522690780113        3.8417251151404527E-002   6.3104881490405208E-003  -8.0988315902756690E-004  -3.8708945351292002E-003  -3.4921719710737285E-003   1.1489329200564481E-002   4.6558344044660242E-002   7.7200432974267638E-002   5.5356094973051009E-002  -2.7975350729809920E-002 -0.17961596151150411      -0.17459910592217515      -0.16626823269070992      -0.15473775903586823      -0.13001320628689789       -8.4210782974659254E-002  -3.4245442892756064E-002  -5.0112263281149726E-002  -7.2650665005938836E-002  -1.1329230405259653E-002
  0.27006245603306406        4.8708056621735926E-002   4.0303632250823698E-003  -3.8688015728959805E-003   1.4752239366790758E-003   2.7062863585946853E-002   8.4849737262788008E-002  0.13577757343327979        4.2216584789824457E-002 -0.20377813812312623      -0.36281243766990906      -0.85791800675479712      -0.65769062875392648      -0.48623648547582621      -0.46433668439456210      -0.46402841805443740      -0.47089128864797114      -0.26743882900696514       -7.3183320664102935E-002  -8.0858400958478058E-002 -0.12143282558037322     
  0.32226537513191778        5.9579771708322113E-002   5.9486015243038559E-003   5.5292202829967307E-003   3.2987423024268804E-002  0.10343436613782241       0.21578120796537076        5.7491851843097894E-002 -0.55906308570235352      -0.75271626356949017        2.4062899342519244E-002 -0.97401142559742993      -0.46319359134552773      -0.10116461208253105      -0.22452080551135298      -0.25901026616682021      -0.45128830091034422      -0.84337759713110272      -0.48096502610043446       -9.8184080230183296E-002 -0.35589005825155007     
  0.35923218404059853        7.1333027233658045E-002   2.0863085664199258E-002   5.8709021544773372E-002  0.16726404277563750       0.28305232031443101        5.2112411746218987E-002 -0.78143593929254485       -1.1258451382498629      -0.85786668155074264        1.5285733050092298        4.9558676771846943E-002   1.1811760155351831        1.2315779432263856        1.0245277045297934       0.23995513212497413       0.19206278237608757       -6.8160254666309747E-002 -0.55916933802467850      -0.10193979581298966      -0.88363812582491463     
  0.38040110869487853        8.6742975191524560E-002   6.2857685189235679E-002  0.14439190670419483       0.24464071367116988       0.21845496641015474      -0.45502866467460840       -1.0807896880731120       -1.0387915656791054       -1.6386132674037275        1.0865580186316115      -0.87613949676339387        1.5230560902348103       0.96309121450935642       0.86028238380968591       0.73675767749670951       0.27116171224134633       0.35053150462918781      -0.57656117898943260       0.19767337565882551       -1.7447650537928447     
  0.39723586410870732       0.11691334507534562       0.20862621586156518       0.49230128656709438       0.57409367772798636       -2.7432431238478449E-002 -0.85425023244085596       -1.1476544505937540      -0.66240617783977840       -1.1008487109615301        1.4963808895164985       -1.1119556659745464        1.6530671505811332      -0.12757756107196860       0.28154385014502148        1.1111728674625874       0.68558818537706090       0.72111700167050929      -0.34266354246143899       0.62134290493363131       -2.6695751599255795     
  0.46772232939075314       0.11634717845314123       0.17071032017492790       0.28359903446198592        1.1726937782660627E-003 -0.49038334760560331       -1.0882480510155303      -0.58192389693650548       0.62788561907310758      -0.36763050825533877        1.7775268523092944       -1.2093096429897208        2.0364029459664312       0.18652968284325633        2.4874566868752663        2.3168260826307114        1.7002194844123535        1.4233885267480493       -4.8034557549761402E-002  0.83471503191136243       -3.1791791652376391     
  0.52326783367542118       0.17481891269818151       0.42712744396322361       0.62699555237706939       0.53162456979299333      -0.49150899641266310       -1.0118690858849775      -0.26307041468959036        8.7979842663399553E-003  -1.4880494832906126        1.2902323816640342       -1.9041215185836520        1.7380738574958789       0.11973707474587342        2.6747948777448407       0.98829575217321164        1.8173372172238607        1.1561439369477289       -2.0455390720060477E-002  0.59331813816834567       -2.8708550481257094     
  0.67268442098414671       0.10386750659278474       0.10976340932779168       0.24620912462657382      -0.62198467345089048       -1.3607317021119008       -1.1717174284360370      -0.88401453178472111      -0.39936715026569930      -0.29718999334834073        2.6387354589143657       -1.6181314727153084        1.9668896975376584       0.14777216928452733        2.7741636482103220       0.62974831096849471        2.4630454963781387       0.74925142517646293       -4.1529757643705541E-002 -0.22460482152502956       -1.7947490038548308     
  0.67610927001422583       0.23418135460076916       0.66878698134252412       0.56003098660828887       0.41771182612761143      -0.31903257353022341      -0.92118668402883208      -0.93107532834083551        1.6258258832496809E-002 -0.99429577847762263        1.9902351377211005       -2.3503099548652466        1.0273619336185504       -1.1947700074080831        1.7249089273291665      -0.26357137379647022        1.5597251769620502      -0.57070491908248944      -0.36777657666953034      -0.66018647118550067      -0.66257021855148934     
  0.81649690818948029       0.13880901191846765      -0.40128671916373393       -3.2603260621925902E-002  -1.0506055718666729       -1.8343148390294142       -1.5798431440314378      -0.97914163552555766      -0.35151871391094808       -2.2574174384147230        2.2889560658406549       -2.3454140194650601       0.82019393428504850       -1.6921965978589535       0.63151358033078320       -1.4283214466808751       0.47426274909703436       -1.4127916864708068      -0.28052344706180710      -0.59550810367304918        4.1322557182928404E-002
  0.64792083307373682       0.35037455961580827       0.97975894511128447       0.53110658725301685       0.97758606683376315       0.70182173419024185       0.50376099878086456      -0.37489062129980349      -0.11293406155299705       -2.7492134988519763        2.8725881749130515       -1.7409101947607233        1.3654318640750671       -1.5109659752484874       0.70083221174608890       -1.4886313474677373       0.34925451104741606      -0.98700258564730625       0.75040595293906331      -0.24814237383719939       0.44784575600319848     
  0.81345223546237089       0.35049608656604803       -1.1096695357924522      -0.20165898946372418       -1.5054019053312495       -2.2503895539750478       -1.8142017801284303       -1.5351155233007665       0.23420341758783944       -4.2265154607767803        2.2831583154338704       -1.7715545693850170        1.8507850125054823       -1.6529565418155558       0.81323131292118589       -1.3987598011877969        1.1181219676702061       -1.1877945099152829      -0.51398986331990681        1.2974764427803855        1.5534850013721317     
  0.85411137375513635       0.31363902207992922        1.7391024679799747       0.25130342137487510        2.0704812752355215        2.1570331171841075        1.5480849208104182        3.4969910313496051        3.1725999917168677       -5.5852912058959987        1.9068385838409450       -2.5748816650231818        2.7762410376715501       -1.8852127631712041        1.0322812534398278       -2.1161271407548128        5.0292632894984823       -1.0432849297025469E-002   8.9671218310527756       -8.6418202744525523        7.5220581125484784     
   1.6194870593738127        1.0492443594405416       -2.4659064172833793      -0.11998933081840103       -3.3865762626813529       -3.2890019166622033       -4.6999764125017798       -5.0747416206473002       -1.8631233948124364       -9.3564964900884586        4.1821239325798176       -2.8181338181529081        3.7863067856727093       -1.8667031046565885        2.2849837254542567       -3.7168891649979989        14.454170842964462       0.85478572339346548       -16.367253465385385       -5.9302593730237643        10.587030313421328     
   3.7318237660930076       -4.1837152234426647       -1.9871453652359978       -8.3920912069699298        5.8250493437159712        9.6780252280534853        23.360349137059043       0.96209423417427087       -9.8439711123599789       -22.414778581353790      -0.67830107631494130        2.3236278831639638        15.350315201252510       -7.4219199427391054        2.0716573251796726       -16.513477819156481       0.32258873929699772       -13.652534313641713        13.964552586361400       -15.989600890119082        10.916209029290977     
  -39.999999403953559       -36.268175637860551       -35.852568833076049       -35.275110614013634       -44.017268804948607       -48.642889073976583       -51.017689970192571       -35.228862679011975       -23.953368692244805       -18.907191065305835       -34.311741735645171       -41.353708251781377       -47.326709299966318       -36.151496176977446       -36.615407855502923       -29.075218730322327       -36.837333006926620       -31.447138915174584       -39.079970664835812       -29.083790374662584       -39.999999403953559     
