  -0.0000000000000000       -7.0848043969086319E-004  -1.2216792147820454E-002  -3.2813274538137226E-002  -5.8104640268268337E-002  -8.3603376902089979E-002 -0.10571672467824271      -0.12213722789721239      -0.13185878260562200      -0.13493422058890561      -0.13210270998167187      -0.12440914976154610      -0.11290366364167259       -9.8468247388485350E-002  -8.1787688604995343E-002  -6.3469430135936672E-002  -4.4314389109627900E-002  -2.5719460843159094E-002  -1.0084951707878473E-002  -7.5169555454413753E-004  -0.0000000000000000     
  -7.0848043969086319E-004  -1.0478546875696259E-002  -1.9976422345186037E-002  -3.1727217977441956E-002  -4.5229388893277336E-002  -5.9052010913447611E-002  -7.1701705711595495E-002  -8.1966048508389344E-002  -8.9039721444853503E-002  -9.2540087473957436E-002  -9.2450665385918368E-002  -8.9021180702351488E-002  -8.2658985707700361E-002  -7.3848813874038327E-002  -6.3130143215719026E-002  -5.1142862548474090E-002  -3.8717720883103469E-002  -2.6924999037114240E-002  -1.6883611892897339E-002  -8.9585049398615921E-003  -7.5169555454413753E-004
  -1.1574223362386886E-002  -2.0516374225266722E-002  -2.5656699937488977E-002  -2.9656852314879651E-002  -3.3640675522290761E-002  -3.7964854982124464E-002  -4.2568544033859033E-002  -4.7122583530703435E-002  -5.1142019023169158E-002  -5.4107297549900409E-002  -5.5577755332909914E-002  -5.5271655221906871E-002  -5.3104501396880645E-002  -4.9198662037286345E-002  -4.3886623287746715E-002  -3.7717821305030930E-002  -3.1439522255898932E-002  -2.5858757433144659E-002  -2.1432341749193402E-002  -1.7445500568705592E-002  -1.0838840390048766E-002
  -3.1322903156576209E-002  -3.4151086488715968E-002  -3.2389476879632319E-002  -2.8156497491788775E-002  -2.3259887612691703E-002  -1.9070920091696267E-002  -1.6422448467614141E-002  -1.5578350164554874E-002  -1.6312179129951428E-002  -1.8072382336468164E-002  -2.0181850942433945E-002  -2.2020957600450572E-002  -2.3162221495390600E-002  -2.3449319057788437E-002  -2.3031104639907866E-002  -2.2359441206591928E-002  -2.2127882008848909E-002  -2.3073263309828448E-002  -2.5529614509715554E-002  -2.8699859511429386E-002  -2.9858792923444410E-002
  -5.7690246352540733E-002  -5.1488175107344915E-002  -4.0568690757812165E-002  -2.6853005397198891E-002  -1.2708703160728406E-002  -2.2083030611334795E-004   9.2305628695435581E-003   1.5090480973049162E-002   1.7522348330751492E-002   1.7177759059171068E-002   1.4929130204562878E-002   1.1624531885066663E-002   7.9006422263474454E-003   4.0684518634039810E-003   6.6158301436992066E-005  -4.5352773103884605E-003  -1.0468544856338967E-002  -1.8588686385966502E-002  -2.9463159393090479E-002  -4.2659370500189780E-002  -5.5840162676854571E-002
  -8.9225267747814085E-002  -7.1454783158280230E-002  -4.8975578993460049E-002  -2.4028421241744095E-002   2.5161826824343251E-004   2.1145097836794677E-002   3.6994114485479852E-002   4.7284720068792759E-002   5.2403907124635773E-002   5.3281801650316679E-002   5.1040905998367074E-002   4.6706303114630116E-002   4.1000542695039437E-002   3.4232951579965448E-002   2.6274223858065868E-002   1.6585681142798129E-002   4.2765125025861096E-003  -1.1775826322732465E-002  -3.2592557696714770E-002  -5.8312276695387126E-002  -8.6804561404417974E-002
 -0.12504986046297245       -9.2464317687390649E-002  -5.5534116337572076E-002  -1.7310182166467476E-002   1.8065141231407799E-002   4.7355052732358426E-002   6.8973963876502620E-002   8.2858914289067567E-002   8.9963864580989511E-002   9.1714163668346546E-002   8.9560461241689676E-002   8.4658911385948526E-002   7.7676397759086704E-002   6.8720981495594982E-002   5.7382094751098567E-002   4.2825719007614907E-002   2.3867129041717738E-002  -9.9221269857947521E-004  -3.3368224675050850E-002  -7.4126307483730489E-002 -0.12116744132534177     
 -0.16412933208044481      -0.11246908073815369       -5.7787322868892807E-002  -4.3561677759771256E-003   4.2638974730343802E-002   7.9817849414919581E-002  0.10621210705162193       0.12270835291493810       0.13117611521415692       0.13371820134624898       0.13214794714442016       0.12766209610356385       0.12067754332582444       0.11083013952270170        9.7122463209140295E-002   7.8144165999884274E-002   5.2222128470911081E-002   1.7387147149507110E-002  -2.8670469734767640E-002  -8.7785851214748592E-002 -0.15792844335156719     
 -0.20449931183920680      -0.12883698450781167       -5.3275140113547302E-002   1.6502339833038972E-002   7.4683417444629766E-002  0.11851464872435745       0.14839089265425545       0.16666968676497787       0.17641259296433423       0.18049058996950754       0.18104094965145925       0.17915727954023358       0.17475798850862420       0.16664782820317861       0.15278115064703884       0.13065659295823831        9.7665191562097575E-002   5.1130333455357814E-002  -1.2048633144941787E-002  -9.5092219181457119E-002 -0.19668483827430788     
 -0.24256992306734790      -0.13830130212570538       -3.9961594235372364E-002   4.5689557934418847E-002  0.11328593945583169       0.16183851830746707       0.19390733249341230       0.21372386775052526       0.22566334656359649       0.23334598465153669       0.23915540221715065       0.24396036458940876       0.24698188829313381       0.24584562866014323       0.23684841953217772       0.21542427220325844       0.17677751173088593       0.11646251969412734        3.0179854493358752E-002  -8.7168246084638107E-002 -0.23687363151713561     
 -0.27256083654269747      -0.13712774801371552       -1.6761415663737789E-002   8.1962786462863646E-002  0.15581643238964563       0.20677750281359358       0.24013744000455209       0.26210983492327616       0.27828254378487083       0.29290468876018250       0.30855972057742176       0.32594560045534499       0.34372898727049706       0.35849164642973919       0.36467058826718279       0.35442210585239003       0.31787518383407815       0.24474844286113631       0.12666802374591848       -4.3958658248075967E-002 -0.27432608108456769     
 -0.28613898773189633      -0.12155338746142773        1.5911821220978499E-002  0.12225407605698418       0.19814943322448489       0.24920306362436426       0.28340394438175648       0.30858918329756485       0.33113670743412754       0.35560173229177028       0.38464532574566640       0.41901302889537956       0.45764492571684601       0.49781520387402639       0.53453083266838397       0.55806261669496426       0.55019153112230501       0.48396667824743750       0.33259912492231553        7.9690469250416521E-002 -0.28978549374982970     
 -0.27234690526399802       -8.8450102956389234E-002   5.5742698292219457E-002  0.16183975517474047       0.23502954390361688       0.28387504651012380       0.31811291484487875       0.34620440932810376       0.37430295495523264       0.40624701967122423       0.44381168409710453       0.48727233246099799       0.53685508352918010       0.59496998941815771       0.66671614713295269       0.75338528604333177       0.83589923867928828       0.85726813220561371       0.72888433687104448       0.37878296950611057      -0.21547109372313353     
 -0.21785007926878996       -3.6082437396904990E-002   9.8384479735328309E-002  0.19474209450865954       0.26032361092943335       0.30398609225418027       0.33521624632556252       0.36130038406489878       0.38611215225106110       0.41012785198957546       0.43087826564709936       0.44469128049520074       0.45172629723547925       0.46492813338157774       0.51757242223329591       0.65572111372504549       0.90213683122308785        1.1942627644493629        1.3301469578365874        1.0128622471269464       0.15367410655420657     
 -0.10735099268216837        3.5138142697082826E-002  0.13750490039612395       0.21404795430404810       0.26702639987286209       0.30083318764184003       0.32190135449741086       0.33392575514097594       0.33555273527962443       0.31972080410308990       0.27394960756717690       0.18375176454189623        4.3392864681806954E-002 -0.12421164469248867      -0.24659919996548288      -0.20085825622592154       0.14987548747877472       0.86574713610066778        1.7534005288222518        2.0424088137227807        1.3627471753115565     
   7.6238280099627603E-002  0.12166175944567338       0.16438680799983088       0.21135971805275550       0.24677365022167352       0.26473200425214999       0.26584726742201709       0.24829649727142708       0.20395878132462078       0.11661361577877533       -3.8252681735614975E-002 -0.28845741367072364      -0.64934225310402394       -1.0982709583310406       -1.5481128264060067       -1.8412401198215687       -1.7453943155118070      -0.95399995862161391       0.91687570100371807        2.6292235801740169        4.5733516271046648     
  0.35232681443329544       0.21409543337358394       0.16491484418721045       0.17224903761907870       0.18525928674316963       0.18388512761535244       0.16162879355894308       0.11051301158664177        1.7469068012338069E-002 -0.13676023074679319      -0.37714103676475080      -0.73180497721345505       -1.2168691841041801       -1.8190959110752547       -2.4725207566057872       -3.0983299650951923       -3.5762137995601240       -3.7801800514961950       -1.7195382221108431       -7.2017322798446998E-002   11.262114065056945     
  0.74309408010867284       0.28562243732298426       0.10419321389784686        5.1172451670850404E-002   2.7635271612547141E-002   4.4592500474297204E-003  -2.6394010551609785E-002  -7.6485220490071837E-002 -0.16268553754647791      -0.31092051818346178      -0.54520474468730262      -0.88572520103714192       -1.3284000729439225       -1.8479837159255124       -2.3875816901283415       -2.9227480266936543       -3.2899084830604846       -5.5298167280824346       -3.0977506083476620       -9.3004064945933980        21.153864688676272     
   1.2632443767825039       0.21931246462888743      -0.17187404685086097      -0.38304288453452090      -0.54928505268437422      -0.69209644775524504      -0.79907578709223992      -0.87616392145757060      -0.89584744399122151      -0.91871400163938799      -0.89374297149227822      -0.96278315870644759       -1.0625074279237592       -1.3898887260218975       -1.3843523340554642       -2.9874974871621793      -0.90857242648047321       -7.6399312058809121        1.5578055523097767       -22.683608812817692        29.275284797257086     
   1.7893009846971744       -1.1207844390407629       -2.2327192785602357       -3.1399195121142611       -3.9196985633877115       -4.6361007583722840       -5.1786225443749094       -5.7750217496382188       -5.9691130683792686       -6.6078046723806994       -6.1333574935700259       -7.3065439391041265       -5.4527626156665443       -8.3999873660539794       -3.7462663115269819       -10.799193395697083      -0.69144641800114781       -15.858668038245028        4.9251233210035368       -29.210599427041767        25.984743232871025     
  -39.999999403953559       -38.210698419256389       -36.347608720028944       -34.604383581654488       -32.999162150962569       -31.508220463027993       -30.156786840459390       -28.858651059533063       -27.742835381623223       -26.509380820898368       -25.640734672284200       -24.202811584413517       -23.728051186195497       -21.637057412467428       -22.122205288755456       -18.732322171467725       -21.501081900526259       -15.759852516089504       -23.757510123810093       -14.015256171082534       -39.999999403953559     
