   0.0000000000000000        0.0000000000000000        0.0000000000000000        0.0000000000000000        0.0000000000000000        0.0000000000000000        0.0000000000000000        0.0000000000000000        0.0000000000000000        0.0000000000000000        0.0000000000000000        0.0000000000000000        0.0000000000000000        0.0000000000000000        0.0000000000000000        0.0000000000000000        0.0000000000000000        0.0000000000000000        0.0000000000000000        0.0000000000000000        0.0000000000000000     
   0.0000000000000000        8.8988971329087145E-006  -2.5267205978467329E-005  -1.0289001283045298E-004  -2.0921546693718185E-004  -3.2909248430300819E-004  -4.4995302284836253E-004  -5.6092376032487799E-004  -6.5150481881045110E-004  -7.1121809505359109E-004  -7.3057780946354290E-004  -7.0313329655268973E-004  -6.2794429213870566E-004  -5.1159246136044329E-004  -3.6876462080580796E-004  -2.2068605744674977E-004  -9.1275826141955826E-005  -1.6197498057407499E-006   3.6341488366777590E-005   2.6833148211867772E-005   0.0000000000000000     
   0.0000000000000000       -2.7597683350713269E-005  -1.9712880010871764E-004  -4.9649680278706536E-004  -8.8238465544153671E-004  -1.3086168206747596E-003  -1.7337407127281876E-003  -2.1200425548927805E-003  -2.4312835047210074E-003  -2.6327742903762821E-003  -2.6948019111548965E-003  -2.5986863173236793E-003  -2.3436502780847879E-003  -1.9520788476985165E-003  -1.4706630945586165E-003  -9.6554631795770212E-004  -5.1100507312316597E-004  -1.7305744104141179E-004   9.2810112733194986E-006   4.2868882065565164E-005   0.0000000000000000     
   0.0000000000000000       -1.2153940421637813E-004  -5.4039222667525322E-004  -1.2045603966776152E-003  -2.0274051820803876E-003  -2.9207930413111538E-003  -3.8040666663174036E-003  -4.6022446010470803E-003  -5.2431166751181436E-003  -5.6584901872917806E-003  -5.7909946182678439E-003  -5.6051021136345946E-003  -5.0993166372294112E-003  -4.3155637235682501E-003  -3.3415915954857519E-003  -2.3029146542697578E-003  -1.3428477036938765E-003  -5.9241213937612583E-004  -1.3520279008484725E-004   2.6447502223977222E-005   0.0000000000000000     
   0.0000000000000000       -2.7142073907069725E-004  -1.0529342104621817E-003  -2.2208632327371369E-003  -3.6286958158921485E-003  -5.1371655938390517E-003  -6.6197875914829141E-003  -7.9580445828799657E-003  -9.0371629214596148E-003  -9.7484926378680857E-003  -9.9998594798793774E-003  -9.7319320490899634E-003  -8.9366338349787001E-003  -7.6723870690046147E-003  -6.0701963278282575E-003  -4.3246817222012419E-003  -2.6662027773097373E-003  -1.3149925369611588E-003  -4.2485993301921926E-004  -2.9035649132341720E-005   0.0000000000000000     
   0.0000000000000000       -4.7200504523172641E-004  -1.7211823070722701E-003  -3.5222557739382969E-003  -5.6530281747174350E-003  -7.9156262845081309E-003  -1.0133912616813720E-002  -1.2142772561259643E-002  -1.3780966800332100E-002  -1.4893645490215119E-002  -1.5345558694753276E-002  -1.5042639404809295E-002  -1.3957690614947648E-002  -1.2154300028679520E-002  -9.8011564781652211E-003  -7.1672939474746082E-003  -4.5896044319264622E-003  -2.4099143149911434E-003  -8.9052482022938665E-004  -1.2944563366845230E-004   0.0000000000000000     
   0.0000000000000000       -7.1588814003425538E-004  -2.5236426601695804E-003  -5.0715315360797490E-003  -8.0487515470394812E-003  -1.1193708213042676E-002  -1.4279423786387552E-002  -1.7093986251609922E-002  -1.9428280768404915E-002  -2.1076782171919925E-002  -2.1852028785094634E-002  -2.1610536395915817E-002  -2.0286473567363367E-002  -1.7927547208872557E-002  -1.4723939780680345E-002  -1.1016374143208215E-002  -7.2667229698384281E-003  -3.9796649193512921E-003  -1.5813261374485069E-003  -2.8637401662785056E-004   0.0000000000000000     
   0.0000000000000000       -9.9308478606936691E-004  -3.4305403428661323E-003  -6.8162698894221165E-003  -1.0741970333051134E-002  -1.4879908654069343E-002  -1.8953632245236829E-002  -2.2707059691313623E-002  -2.5884703926938851E-002  -2.8228310227017595E-002  -2.9490147929221153E-002  -2.9461257684533421E-002  -2.8012534440278191E-002  -2.5144886646761601E-002  -2.1039626430651347E-002  -1.6091381521919947E-002  -1.0896417363132743E-002  -6.1682098980025083E-003  -2.5725246029468288E-003  -5.2025056360440109E-004   0.0000000000000000     
   0.0000000000000000       -1.2906671050445116E-003  -4.4033210054058042E-003  -8.6876888872558719E-003  -1.3633314918215289E-002  -1.8846345131709304E-002  -2.4004390377267357E-002  -2.8812552734922919E-002  -3.2974010002835515E-002  -3.6179934600403703E-002  -3.8118595073875744E-002  -3.8502662714523045E-002  -3.7114828211201552E-002  -3.3871434918097618E-002  -2.8898696930863360E-002  -2.2603730407735084E-002  -1.5703505975735780E-002  -9.1584451214696445E-003  -3.9690211897968168E-003  -8.6233070919360328E-004   0.0000000000000000     
   0.0000000000000000       -1.5932157722831344E-003  -5.3959379811334991E-003  -1.0602254130372800E-002  -1.6598612323475575E-002  -2.2926725954435966E-002  -2.9223234216269815E-002  -3.5162058574102852E-002  -4.0413906695069397E-002  -4.4627345393856856E-002  -4.7430747882613145E-002  -4.8454501191746602E-002  -4.7375657882325117E-002  -4.3989296566624619E-002  -3.8308443558226893E-002  -3.0682205843881292E-002  -2.1893487375753560E-002  -1.3155632916489322E-002  -5.9047773917316948E-003  -1.3564721615713447E-003   0.0000000000000000     
   0.0000000000000000       -1.8844304629162638E-003  -6.3589992763108437E-003  -1.2467873129787284E-002  -1.9496064510337884E-002  -2.6923298926378438E-002  -3.4350783039021102E-002  -4.1430412284041346E-002  -4.7812711554453678E-002  -5.3117897040190903E-002  -5.6928557126355403E-002  -5.8802800382441685E-002  -5.8310862073921541E-002  -5.5103427212333710E-002  -4.9023387199653420E-002  -4.0267453694698502E-002  -2.9574824731270381E-002  -1.8350106228105789E-002  -8.5359527791968436E-003  -2.0609362361250498E-003   0.0000000000000000     
   0.0000000000000000       -2.1500398394609828E-003  -7.2472758311180347E-003  -1.4195559537450405E-002  -2.2181234801610460E-002  -3.0624741038370269E-002  -3.9097595629828161E-002  -4.7239667257515654E-002  -5.4695972085516978E-002  -6.1077753795781099E-002  -6.5945282768003766E-002  -6.8809581385186031E-002  -6.9154765047718586E-002  -6.6490499386503463E-002  -6.0454813536485186E-002  -5.0996286947421601E-002  -3.8651189071984261E-002  -2.4852047483308014E-002  -1.2023376083453297E-002  -3.0502111837376845E-003   0.0000000000000000     
   0.0000000000000000       -2.3820985853560089E-003  -8.0306803255861484E-003  -1.5716424212995433E-002  -2.4529245809679284E-002  -3.3833902286820809E-002  -4.3179058134453087E-002  -5.2203508702379227E-002  -6.0562732084325124E-002  -6.7881036537841638E-002  -7.3725458742306016E-002  -7.7596195596768225E-002  -7.8931996578710487E-002  -7.7137258707419970E-002  -7.1653377942079613E-002  -6.2121759893377815E-002  -4.8705928465839661E-002  -3.2597155996352378E-002  -1.6498560729855782E-002  -4.4172371013759702E-003   0.0000000000000000     
   0.0000000000000000       -2.5851238883992417E-003  -8.7089047649220493E-003  -1.7003002955600355E-002  -2.6461517035089383E-002  -3.6400714071510014E-002  -4.6357140402881136E-002  -5.5981854912516317E-002  -6.4957597234324663E-002  -7.2943714191939596E-002  -7.9543288963123820E-002  -8.4284673603176291E-002  -8.6611890478143827E-002  -8.5884930267213055E-002  -8.1406547174879759E-002  -7.2525643390866881E-002  -5.8923829937503190E-002  -4.1235783748460070E-002  -2.2007246667018737E-002  -6.2773327750259480E-003   0.0000000000000000     
   0.0000000000000000       -2.7857931002047793E-003  -9.3307430485249625E-003  -1.8093306537794462E-002  -2.7972319270442154E-002  -3.8252264142576153E-002  -4.8477034189018393E-002  -5.8328184623084679E-002  -6.7533554655174577E-002  -7.5807335033030693E-002  -8.2813240487809248E-002  -8.8140745457624223E-002  -9.1285802473572930E-002  -9.1631391723296721E-002  -8.8433680205273216E-002  -8.0847807290812979E-002  -6.8097447388820939E-002  -5.0031817463447877E-002  -2.8423290894250768E-002  -8.7740111510783356E-003   0.0000000000000000     
   0.0000000000000000       -3.0504081534085208E-003  -1.0019601177534216E-002  -1.9113481952039362E-002  -2.9146111851463295E-002  -3.9406965974982514E-002  -4.9481289126040523E-002  -5.9106402174358932E-002  -6.8074062532568314E-002  -7.6169447819268654E-002  -8.3133917317823616E-002  -8.8639880616604438E-002  -9.2268025298133619E-002  -9.3479297700995972E-002  -9.1578375471273399E-002  -8.5678544104068749E-002  -7.4724632275312466E-002  -5.7794433307335066E-002  -3.5316625955273080E-002  -1.2074478881038403E-002   0.0000000000000000     
   0.0000000000000000       -3.5157076015582510E-003  -1.0998761538583280E-002  -2.0279524634753188E-002  -3.0137306222238851E-002  -3.9938305861095175E-002  -4.9361359646744721E-002  -5.8231304543957606E-002  -6.6422164351276375E-002  -7.3801411643552889E-002  -8.0196973439034869E-002  -8.5374811349081869E-002  -8.9018104607030912E-002  -9.0700640444278668E-002  -8.9847850873072274E-002  -8.5679216042231748E-002  -7.7131342344276488E-002  -6.2838338428886253E-002  -4.1734331330878720E-002  -1.6298113235783760E-002   0.0000000000000000     
   0.0000000000000000       -4.4221246705907612E-003  -1.2558095674505620E-002  -2.1785002415815515E-002  -3.0997332410720838E-002  -3.9756792375999828E-002  -4.7903160498522356E-002  -5.5382708677425473E-002  -6.2167096282564276E-002  -6.8211932406295736E-002  -7.3433658125882956E-002  -7.7694124517509872E-002  -8.0786200905349437E-002  -8.2415083221460364E-002  -8.2169699550887501E-002  -7.9474553011754961E-002  -7.3495927677841799E-002  -6.2938616105047654E-002  -4.5825886200868970E-002  -2.1206500215622339E-002   0.0000000000000000     
   0.0000000000000000       -6.0198308013902913E-003  -1.4669911799091181E-002  -2.3187492871788586E-002  -3.0906978961738663E-002  -3.7742468288510196E-002  -4.3761527608166165E-002  -4.9056519170345925E-002  -5.3701014012201405E-002  -5.7733367536459440E-002  -6.1149691427390421E-002  -6.3899661998175608E-002  -6.5881885039825255E-002  -6.6936303982845904E-002  -6.6830482059070800E-002  -6.5232315745505726E-002  -6.1647723947646199E-002  -5.5242259118348278E-002  -4.4276350451932830E-002  -2.5236227376209015E-002   0.0000000000000000     
   0.0000000000000000       -7.5492653252087986E-003  -1.4995515263140996E-002  -2.0902699885094224E-002  -2.5480750710040884E-002  -2.9072182689766669E-002  -3.1945465044922884E-002  -3.4286223392398590E-002  -3.6215216058069419E-002  -3.7804424181541056E-002  -3.9088016254237939E-002  -4.0069170900992483E-002  -4.0723868245633940E-002  -4.1002139120988997E-002  -4.0826402108744449E-002  -4.0083377896132213E-002  -3.8599824385978136E-002  -3.6053281389836316E-002  -3.1695998958963252E-002  -2.3014859830861770E-002   0.0000000000000000     
   0.0000000000000000        0.0000000000000000        0.0000000000000000        0.0000000000000000        0.0000000000000000        0.0000000000000000        0.0000000000000000        0.0000000000000000        0.0000000000000000        0.0000000000000000        0.0000000000000000        0.0000000000000000        0.0000000000000000        0.0000000000000000        0.0000000000000000        0.0000000000000000        0.0000000000000000        0.0000000000000000        0.0000000000000000        0.0000000000000000        0.0000000000000000     
