   0.0000000000000000        0.0000000000000000        0.0000000000000000        0.0000000000000000        0.0000000000000000        0.0000000000000000        0.0000000000000000        0.0000000000000000        0.0000000000000000        0.0000000000000000        0.0000000000000000        0.0000000000000000        0.0000000000000000        0.0000000000000000        0.0000000000000000        0.0000000000000000        0.0000000000000000        0.0000000000000000        0.0000000000000000        0.0000000000000000        0.0000000000000000     
   0.0000000000000000       -4.3510493272560100E-007   7.0906837002465352E-006   2.2362407120667304E-005   4.2283057653989189E-005   6.3074621076095771E-005   8.1360883594479045E-005   9.4770180885505876E-005   1.0215065520715810E-004   1.0345995339043602E-004   9.9450073968828572E-005   9.1287353250749285E-005   8.0219109576411827E-005   6.7351177314840951E-005   5.3560744282895564E-005   3.9545873670755928E-005   2.5998547772466476E-005   1.3859518065877524E-005   4.5320640568562498E-006  -2.8037430777300181E-007   0.0000000000000000     
   0.0000000000000000        6.3274127862604501E-006   3.7156129053799319E-005   8.9996198619772481E-005   1.5583727486884620E-004   2.2370762613129462E-004   2.8362727148249577E-004   3.2838088627867146E-004   3.5420272852324880E-004   3.6055854512514584E-004   3.4934590797571754E-004   3.2387108965838026E-004   2.8790069457231498E-004   2.4498316367131369E-004   1.9813699655082273E-004   1.4992802505394239E-004   1.0289154341044624E-004   6.0151360701818336E-005   2.5883613067665071E-005   4.8985740126796526E-006   0.0000000000000000     
   0.0000000000000000        2.0232711492537330E-005   8.9027599541633895E-005   1.9780743656683031E-004   3.2891160082213611E-004   4.6198629756018147E-004   5.7882563276914648E-004   6.6634273163753430E-004   7.1765515526162115E-004   7.3164670742448560E-004   7.1157998612351731E-004   6.6334619763981672E-004   5.9382634055145194E-004   5.0968432552485560E-004   4.1676940224595957E-004   3.2018518399969434E-004   2.2496049631262881E-004   1.3707828467259960E-004   6.4323445079037008E-005   1.5985000181105633E-005   0.0000000000000000     
   0.0000000000000000        4.0260659338492262E-005   1.6043628770174136E-004   3.4139776565486119E-004   5.5348418669623738E-004   7.6484518227316683E-004   9.4810029996355227E-004   1.0842243701430119E-003   1.1636400789572573E-003   1.1852144097282840E-003   1.1540776933992901E-003   1.0790792107164182E-003   9.7047417106232970E-004   8.3822838422882074E-004   6.9116433658851745E-004   5.3703916000534860E-004   3.8349657651906051E-004   2.3961005950354480E-004   1.1738054485747814E-004   3.2087157791765276E-005   0.0000000000000000     
   0.0000000000000000        6.6161329605293301E-005   2.5066557035165665E-004   5.1873871501819172E-004   8.2473548702296021E-004   1.1231292890461237E-003   1.3769453900596515E-003   1.5620092067185024E-003   1.6673479842096621E-003   1.6930622610745133E-003   1.6470456401076724E-003   1.5415699026039454E-003   1.3903610406962527E-003   1.2065259451825405E-003   1.0015412181909663E-003   7.8541583817440881E-004   5.6801180570459386E-004   3.6127747503020551E-004   1.8175112227832542E-004   5.2116250560153951E-005   0.0000000000000000     
   0.0000000000000000        9.8488006042029395E-005   3.6035400210597112E-004   7.2899628420302579E-004   1.1383549197354532E-003   1.5273832322876435E-003   1.8499474335699200E-003   2.0784823943265779E-003   2.2027187982500093E-003   2.2257632273416307E-003   2.1594233982834420E-003   2.0198997117341719E-003   1.8243666280084111E-003   1.5886699470428027E-003   1.3262790401321833E-003   1.0486199920159585E-003   7.6686453686347210E-004   4.9506680182938832E-004   2.5411303513101001E-004   7.5150187895901458E-005   0.0000000000000000     
   0.0000000000000000        1.3810565858082884E-004   4.9000688921892709E-004   9.6971756420860999E-004   1.4864196790225219E-003   1.9628013513104140E-003   2.3453674262985452E-003   2.6059819299431727E-003   2.7377518057844245E-003   2.7487365121458881E-003   2.6557596969155450E-003   2.4793296647134598E-003   2.2399175828641412E-003   1.9555825407607942E-003   1.6409642793527419E-003   1.3077916579206830E-003   9.6714778915053508E-004   6.3367883825768358E-004   3.3153150415414148E-004   1.0067426073944535E-004   0.0000000000000000     
   0.0000000000000000        1.8548916589468791E-004   6.3783933003429814E-004   1.2331492514025420E-003   1.8526975907793819E-003   2.4042449248407017E-003   2.8304721537746914E-003   3.1063594108098895E-003   3.2311510466945170E-003   3.2194676076718045E-003   3.0938195423692409E-003   2.8790906736067233E-003   2.5987909245047515E-003   2.2727501914886475E-003   1.9161192380579197E-003   1.5398518521345724E-003   1.1531748198907068E-003   7.6880065383667896E-004   4.1145673383699869E-004   1.2883647267617911E-004   0.0000000000000000     
   0.0000000000000000        2.3982181194288620E-004   7.9717033509704846E-004   1.5022825144000395E-003   2.2083327228423918E-003   2.8124550168371204E-003   3.2586665897216664E-003   3.5289505228406608E-003   3.6307837099503917E-003   3.5860246183907788E-003   3.4227512045877859E-003   3.1698561358054645E-003   2.8536425565456624E-003   2.4957260057820512E-003   2.1118805927797506E-003   1.7119443437839147E-003   1.3016112536004877E-003   8.8787531501458591E-004   4.9051831925421389E-004   1.6056941601409641E-004   0.0000000000000000     
   0.0000000000000000        2.9780997040514416E-004   9.5353647526343456E-004   1.7473026670395428E-003   2.5089472296752325E-003   3.1324496968258382E-003   3.5690344226193601E-003   3.8106475229002191E-003   3.8735606516276770E-003   3.7860833090699168E-003   3.5806734143355684E-003   3.2893529203412669E-003   2.9411558974145654E-003   2.5605183257603388E-003   2.1658212736876629E-003   1.7677495466662326E-003   1.3683584488347045E-003   9.6414757320602707E-004   5.5950477316320669E-004   1.9681258356237140E-004   0.0000000000000000     
   0.0000000000000000        3.5217372631669326E-004   1.0819339824569459E-003   1.9233621378629024E-003   2.6940837690462875E-003   3.2944956429018157E-003   3.6879186513912175E-003   3.8770241610304747E-003   3.8852092477354209E-003   3.7446169784577754E-003   3.4895578892290141E-003   3.1535412339890895E-003   2.7683957701888336E-003   2.3639783345254860E-003   1.9668802822166965E-003   1.5962048832503764E-003   1.2560521288952999E-003   9.2930205846228711E-004   5.8705448604101922E-004   2.3405771261039333E-004   0.0000000000000000     
   0.0000000000000000        3.8997840949629573E-004   1.1450446390975412E-003   1.9707604749311545E-003   2.6894706805183559E-003   3.2171513277608429E-003   3.5311974278067100E-003   3.6426941806677665E-003   3.5779913891514307E-003   3.3683925243454863E-003   3.0456899620836357E-003   2.6415840373110208E-003   2.1898983763791115E-003   1.7297280885049963E-003   1.3069635430995516E-003   9.6813839515116950E-004   7.4120293920093593E-004   6.0460450798343127E-004   4.7215476503197149E-004   2.4696851178266374E-004   0.0000000000000000     
   0.0000000000000000        3.9137080863445187E-004   1.0937792053317596E-003   1.8185307655615430E-003   2.4120632996941305E-003   2.8115029996368889E-003   3.0061852741350946E-003   3.0102402187491910E-003   2.8465822655076045E-003   2.5387980522428356E-003   2.1090657298003411E-003   1.5802939599856235E-003   9.8367178484286689E-004   3.6914844965203747E-004  -1.8246039406193126E-004  -5.6092120762260100E-004  -6.5791839720258729E-004  -4.4813258423073010E-004  -8.0337580652322976E-005   1.2876938788934333E-004   0.0000000000000000     
   0.0000000000000000        3.2984556511455075E-004   8.7181504987758683E-004   1.3923499159364111E-003   1.7781691913264159E-003   1.9873366540330765E-003   2.0153616927501947E-003   1.8721169215774407E-003   1.5695450898866889E-003   1.1146735518314463E-003   5.0985505032089342E-004  -2.4405738840613608E-004  -1.1314265600137373E-003  -2.1009422392101094E-003  -3.0265326512432058E-003  -3.6888528639426872E-003  -3.7969231202509418E-003  -3.1396733782590581E-003  -1.8209989330191855E-003  -4.9559834276262599E-004   0.0000000000000000     
   0.0000000000000000        1.7568172122194294E-004   4.2604242313409857E-004   6.2846569099765691E-004   7.1755714055902120E-004   6.6681072751874652E-004   4.7123348888178818E-004   1.2939305421298279E-004  -3.6356449749365882E-004  -1.0264096281035135E-003  -1.8861154671929322E-003  -2.9832150605914351E-003  -4.3364437435840664E-003  -5.9243980013450178E-003  -7.5873987231600236E-003  -8.9914067544014896E-003  -9.5687297426563823E-003  -8.7364612192014062E-003  -6.1822855953458395E-003  -2.7424833654634533E-003   0.0000000000000000     
   0.0000000000000000       -9.5874634666923343E-005  -2.7458806836929946E-004  -5.0182257986274980E-004  -7.9798026896614027E-004  -1.1817451079481742E-003  -1.6606003618838258E-003  -2.2516063262513109E-003  -2.9725025301685099E-003  -3.8757632518432541E-003  -5.0094631998256652E-003  -6.4777146564547090E-003  -8.3245692905213053E-003  -1.0616529826158166E-002  -1.3173221733161119E-002  -1.5673865930927264E-002  -1.7316399755533143E-002  -1.7274899964636468E-002  -1.4226557731267832E-002  -8.9368403740645221E-003   0.0000000000000000     
   0.0000000000000000       -4.9145674091569710E-004  -1.2067581244788802E-003  -1.9455572843213825E-003  -2.6933057395013707E-003  -3.4697691926250701E-003  -4.2711323008756191E-003  -5.1366121395023476E-003  -6.0582650417148123E-003  -7.1462107474055984E-003  -8.3903502470821997E-003  -1.0029413110572068E-002  -1.1982085865846518E-002  -1.4556749471912040E-002  -1.7372461662677901E-002  -2.0541298866722412E-002  -2.2977573727514616E-002  -2.4812877102910001E-002  -2.2519023968671028E-002  -2.0627460139485229E-002   0.0000000000000000     
   0.0000000000000000       -9.8142206776283616E-004  -2.2286838416430694E-003  -3.4646861265808836E-003  -4.6437864487550223E-003  -5.8182487327333634E-003  -6.9137498380400604E-003  -8.0591603066567010E-003  -9.0588569795266687E-003  -1.0250647462394496E-002  -1.1185101262165096E-002  -1.2668934727125797E-002  -1.3751826867148263E-002  -1.5932039924476962E-002  -1.7609433211943346E-002  -2.0515641101740693E-002  -2.1953379556017737E-002  -2.6703526800745860E-002  -2.1749982355909098E-002  -3.2032749456556459E-002   0.0000000000000000     
   0.0000000000000000       -1.4230331165300692E-003  -2.8659164729082035E-003  -4.2964962152902044E-003  -5.5792617230653319E-003  -6.9322858829584935E-003  -8.0039897264544309E-003  -9.3636342277633369E-003  -1.0116137954032385E-002  -1.1661065928465573E-002  -1.1859065843351576E-002  -1.3973466601415203E-002  -1.3168589439387715E-002  -1.6623353690562757E-002  -1.4020541130621837E-002  -2.0101103790182907E-002  -1.4174551194828713E-002  -2.4638200102366673E-002  -1.2420206989340822E-002  -2.8876165010642371E-002   0.0000000000000000     
   0.0000000000000000        0.0000000000000000        0.0000000000000000        0.0000000000000000        0.0000000000000000        0.0000000000000000        0.0000000000000000        0.0000000000000000        0.0000000000000000        0.0000000000000000        0.0000000000000000        0.0000000000000000        0.0000000000000000        0.0000000000000000        0.0000000000000000        0.0000000000000000        0.0000000000000000        0.0000000000000000        0.0000000000000000        0.0000000000000000        0.0000000000000000     
