   0.0000000000000000        0.0000000000000000        0.0000000000000000        0.0000000000000000        0.0000000000000000        0.0000000000000000        0.0000000000000000        0.0000000000000000        0.0000000000000000        0.0000000000000000        0.0000000000000000        0.0000000000000000        0.0000000000000000        0.0000000000000000        0.0000000000000000        0.0000000000000000        0.0000000000000000        0.0000000000000000        0.0000000000000000        0.0000000000000000        0.0000000000000000     
   0.0000000000000000        1.0199182021711050E-005  -1.1214233693766220E-005  -6.5845172053336209E-005  -1.4228217304381911E-004  -2.2888455481070188E-004  -3.1593497106304684E-004  -3.9434745601986669E-004  -4.5443734923740291E-004  -4.8612451357805080E-004  -4.8070982561197121E-004  -4.3366139015176404E-004  -3.4740821326191161E-004  -2.3290737946237396E-004  -1.0887904269648194E-004   1.7449364530283646E-006   7.7558648860032332E-005   1.0512574690902852E-004   8.4764732687122335E-005   3.5615236988857077E-005   0.0000000000000000     
   0.0000000000000000       -1.4135213800684580E-005  -1.3627388894734977E-004  -3.5868398597073561E-004  -6.4711437382731509E-004  -9.6564932262965819E-004  -1.2816342378703879E-003  -1.5632049409376020E-003  -1.7771976413689427E-003  -1.8908350876633464E-003  -1.8774005929228690E-003  -1.7241852263760247E-003  -1.4399656593293102E-003  -1.0589093832289781E-003  -6.3822519885258595E-004  -2.4831464959785697E-004   4.3468769710591743E-005   1.9195114493492289E-004   1.9180645785982437E-004   9.1089812445165730E-005   0.0000000000000000     
   0.0000000000000000       -8.8763752610073929E-005  -4.1150533047659634E-004  -9.2615351197086293E-004  -1.5628208815515127E-003  -2.2526606859145275E-003  -2.9317745674566778E-003  -3.5363663687616544E-003  -4.0000679193347918E-003  -4.2580883685773337E-003  -4.2579435464064896E-003  -3.9736834239261090E-003  -3.4192100940327636E-003  -2.6558120409456106E-003  -1.7893743568749682E-003  -9.5436374638084391E-004  -2.8509942373065682E-004   1.2055208437849384E-004   2.3644934777796215E-004   1.3461115682780097E-004   0.0000000000000000     
   0.0000000000000000       -2.1822557354509356E-004  -8.5052764348299693E-004  -1.7895284763148011E-003  -2.9153902944956743E-003  -4.1197504010697140E-003  -5.3027413716932592E-003  -6.3630612500557883E-003  -7.1939853201391174E-003  -7.6900361323708260E-003  -7.7630528059941988E-003  -7.3634158647826273E-003  -6.5009569617844676E-003  -5.2592281076371001E-003  -3.7961385380441345E-003  -2.3246715954003613E-003  -1.0712555028331485E-003  -2.1709892417244545E-004   1.6338229179392529E-004   1.4992125324618099E-004   0.0000000000000000     
   0.0000000000000000       -4.0259316622274968E-004  -1.4537756659287722E-003  -2.9497769052257801E-003  -4.7074723062402951E-003  -6.5747227624783399E-003  -8.4140556948687807E-003  -1.0084056613601207E-002  -1.1432327334597547E-002  -1.2303670646728649E-002  -1.2560903135907561E-002  -1.2113475418588567E-002  -1.0948314936601006E-002  -9.1556845014961474E-003  -6.9401373817963106E-003  -4.6047648650181438E-003  -2.4994260914794121E-003  -9.3428989648914761E-004  -7.8049147526630869E-005   1.2599252208602554E-004   0.0000000000000000     
   0.0000000000000000       -6.3756141180682370E-004  -2.2083268671481155E-003  -4.3850323857582444E-003  -6.9109314055459167E-003  -9.5885904159278921E-003  -1.2244179450860117E-002  -1.4696384492930719E-002  -1.6743916848500247E-002  -1.8173335845050712E-002  -1.8783131177090712E-002  -1.8419343894528692E-002  -1.7018077534178687E-002  -1.4647939229561468E-002  -1.1540375329973412E-002  -8.0896525278589017E-003  -4.8012624498522168E-003  -2.1767661376523055E-003  -5.5279188208913433E-004   4.9299625065063067E-005   0.0000000000000000     
   0.0000000000000000       -9.1302644722188186E-004  -3.0849498746287137E-003  -6.0452485471763854E-003  -9.4570713277911667E-003  -1.3078568535171147E-002  -1.6703134828965807E-002  -2.0112522693446221E-002  -2.3056411906468659E-002  -2.5257633256527991E-002  -2.6437388047008927E-002  -2.6356077884812559E-002  -2.4866679746106377E-002  -2.1975688454779149E-002  -1.7900807120039653E-002  -1.3103781275785837E-002  -8.2624027056636372E-003  -4.1413386971725598E-003  -1.3554567861607703E-003  -1.0208243883542972E-004   0.0000000000000000     
   0.0000000000000000       -1.2122139906726272E-003  -4.0362636742825100E-003  -7.8486665233003048E-003  -1.2229576256948108E-002  -1.6894705957560669E-002  -2.1609354082551817E-002  -2.6123572229578368E-002  -3.0141875935454528E-002  -3.3324038887267586E-002  -3.5309302180410035E-002  -3.5759215532247507E-002  -3.4417105926925991E-002  -3.1182638713999882E-002  -2.6197525806622990E-002  -1.9927121613373195E-002  -1.3193650115936602E-002  -7.0789430844549446E-003  -2.6216726034455082E-003  -3.6355822205976136E-004   0.0000000000000000     
   0.0000000000000000       -1.5124194079124611E-003  -4.9984771255457668E-003  -9.6838302071550961E-003  -1.5065415644961298E-002  -2.0817755956714576E-002  -2.6682051451203725E-002  -3.2383014489402250E-002  -3.7587917808029600E-002  -4.1902241080896803E-002  -4.4891659428866672E-002  -4.6123445309807644E-002  -4.5224089447842862E-002  -4.1954393730232332E-002  -3.6309848259206398E-002  -2.8652379430284203E-002  -1.9844077153298119E-002  -1.1266946096516847E-002  -4.5313715535284195E-003  -7.8844911281526048E-004   0.0000000000000000     
   0.0000000000000000       -1.7878430185797535E-003  -5.8980482816435170E-003  -1.1419564669740730E-002  -1.7767684289992577E-002  -2.4574797077691252E-002  -3.1559753776128796E-002  -3.8428050579125073E-002  -4.4820654339117069E-002  -5.0305013037133334E-002  -5.4395127710746685E-002  -5.6589633341518689E-002  -5.6420050508543332E-002  -5.3509170673333210E-002  -4.7658083364242571E-002  -3.9000975621423004E-002  -2.8250152454136535E-002  -1.6933831185441176E-002  -7.2969892250458962E-003  -1.4519115900266395E-003   0.0000000000000000     
   0.0000000000000000       -2.0143412295149481E-003  -6.6631986872514133E-003  -1.2923143195349431E-002  -2.0130992526753173E-002  -2.7873878919925585E-002  -3.5847557065659848E-002  -4.3743609057616671E-002  -5.1189378722949409E-002  -5.7735341817432596E-002  -6.2874465123435336E-002  -6.6077466612266045E-002  -6.6828786537351137E-002  -6.4655897084455086E-002  -5.9171478598830325E-002  -5.0196314738967129E-002  -3.8065843223347974E-002  -2.4135228462978678E-002  -1.1128920988730598E-002  -2.4559317221281313E-003   0.0000000000000000     
   0.0000000000000000       -2.1752822864851652E-003  -7.2387502441338967E-003  -1.4084239517338518E-002  -2.1975428065638392E-002  -3.0451030703457404E-002  -3.9182339748254275E-002  -4.7852517298132252E-002  -5.6089348330253648E-002  -6.3449346279131555E-002  -6.9436844290879346E-002  -7.3537894139821508E-002  -7.5246582612062837E-002  -7.4065318508797676E-002  -6.9486091865146191E-002  -6.1024456866218262E-002  -4.8478274377654930E-002  -3.2618309296349554E-002  -1.6174822419278489E-002  -3.9399959064694359E-003   0.0000000000000000     
   0.0000000000000000       -2.2675807185703663E-003  -7.6020263703717259E-003  -1.4840472485856619E-002  -2.3181719131607638E-002  -3.2117066025182307E-002  -4.1295264407094821E-002  -5.0399108979589859E-002  -5.9072845915746248E-002  -6.6902375679672443E-002  -7.3432566094346993E-002  -7.8199713657498338E-002  -8.0752743638766014E-002  -8.0635575773273002E-002  -7.7317962843508600E-002  -7.0119376908872766E-002  -5.8306486690473329E-002  -4.1746111752663781E-002  -2.2438700443746337E-002  -6.1026383084511349E-003   0.0000000000000000     
   0.0000000000000000       -2.3080993378289259E-003  -7.7785709627401015E-003  -1.5200646407316585E-002  -2.3720227471162522E-002  -3.2792093356349354E-002  -4.2052759048679472E-002  -5.1197886108968887E-002  -5.9906489335559067E-002  -6.7816486174028356E-002  -7.4537416515283894E-002  -7.9678945743618113E-002  -8.2868852429248546E-002  -8.3730164103443652E-002  -8.1790078192274823E-002  -7.6325378727683219E-002  -6.6259534089736172E-002  -5.0529142607634303E-002  -2.9686085664548823E-002  -9.2254014653798989E-003   0.0000000000000000     
   0.0000000000000000       -2.3439478870736822E-003  -7.8598669673231765E-003  -1.5264228054878551E-002  -2.3669385120637772E-002  -3.2521614899294636E-002  -4.1468956360156115E-002  -5.0240100381156234E-002  -5.8568496243290719E-002  -6.6163991245611883E-002  -7.2718857407755341E-002  -7.7928976122594695E-002  -8.1507007732578865E-002  -8.3160882874647596E-002  -8.2506761671639589E-002  -7.8898428358204958E-002  -7.1187155443439940E-002  -5.7721624983119689E-002  -3.7310136156827343E-002  -1.3649187253717521E-002   0.0000000000000000     
   0.0000000000000000       -2.4765657681229047E-003  -8.0298060581037514E-003  -1.5237895302472203E-002  -2.3221959810727638E-002  -3.1474072691460811E-002  -3.9693932862839898E-002  -4.7669767848674313E-002  -5.5207794845270247E-002  -6.2103315780522118E-002  -6.8140334427156682E-002  -7.3103862753448962E-002  -7.6786202919132962E-002  -7.8968955451984360E-002  -7.9349603142284980E-002  -7.7411820020542324E-002  -7.2141176673177029E-002  -6.1878707340355422E-002  -4.4091453880193823E-002  -1.9576655015037404E-002   0.0000000000000000     
   0.0000000000000000       -2.9106916764941554E-003  -8.5960107312724725E-003  -1.5437167329104303E-002  -2.2667587156162336E-002  -2.9911899878134949E-002  -3.6973147909237752E-002  -4.3725827959801025E-002  -5.0060513643945974E-002  -5.5860436548982921E-002  -6.0997766851615197E-002  -6.5339401212254289E-002  -6.8746204912355835E-002  -7.1064703511496810E-002  -7.2056400268777437E-002  -7.1360079494006537E-002  -6.8146892547592292E-002  -6.1302004914956319E-002  -4.7825914056142366E-002  -2.6457330310781194E-002   0.0000000000000000     
   0.0000000000000000       -3.9607494518315838E-003  -9.8749933332495151E-003  -1.6087957600781317E-002  -2.2142752446953469E-002  -2.7895184977762749E-002  -3.3296726543636940E-002  -3.8326110262216280E-002  -4.2960604605212428E-002  -4.7164692224569829E-002  -5.0887338970675607E-002  -5.4068074345790029E-002  -5.6627103735410467E-002  -5.8485239713989862E-002  -5.9456444231019097E-002  -5.9391806917078661E-002  -5.7575485073710832E-002  -5.3780945283209543E-002  -4.5011991084409245E-002  -3.1590470466320728E-002   0.0000000000000000     
   0.0000000000000000       -5.3542935638555859E-003  -1.0802248810875218E-002  -1.5473636155423947E-002  -1.9437455552393838E-002  -2.2836401640725101E-002  -2.5785767123092211E-002  -2.8366810566747565E-002  -3.0631114299347780E-002  -3.2606975458509074E-002  -3.4301442956503544E-002  -3.5714659134749992E-002  -3.6816742056337413E-002  -3.7610941469793914E-002  -3.7962960979967118E-002  -3.7958914823149295E-002  -3.6981279142660708E-002  -3.5698774361233733E-002  -3.1030233175307006E-002  -2.7682373182731874E-002   0.0000000000000000     
   0.0000000000000000        0.0000000000000000        0.0000000000000000        0.0000000000000000        0.0000000000000000        0.0000000000000000        0.0000000000000000        0.0000000000000000        0.0000000000000000        0.0000000000000000        0.0000000000000000        0.0000000000000000        0.0000000000000000        0.0000000000000000        0.0000000000000000        0.0000000000000000        0.0000000000000000        0.0000000000000000        0.0000000000000000        0.0000000000000000        0.0000000000000000     
