   0.0000000000000000        0.0000000000000000        0.0000000000000000        0.0000000000000000        0.0000000000000000        0.0000000000000000        0.0000000000000000        0.0000000000000000        0.0000000000000000        0.0000000000000000        0.0000000000000000        0.0000000000000000        0.0000000000000000        0.0000000000000000        0.0000000000000000        0.0000000000000000        0.0000000000000000        0.0000000000000000        0.0000000000000000        0.0000000000000000        0.0000000000000000     
   0.0000000000000000       -8.0766977109076259E-007   3.2813744583619396E-006   1.2804788901972235E-005   2.5990700206490564E-005   4.0235558024739803E-005   5.2986856639949538E-005   6.2336235061231622E-005   6.7302827073176954E-005   6.7812913525738339E-005   6.4467884774019110E-005   5.8229674273541374E-005   5.0133075856618217E-005   4.1088310065863071E-005   3.1794947247810478E-005   2.2762786135277443E-005   1.4421601461020730E-005   7.2832355876337861E-006   2.0718227310314412E-006  -3.8277923945488902E-007   0.0000000000000000     
   0.0000000000000000        2.5903615492734214E-006   2.0671265728726847E-005   5.4365169225289847E-005   9.8341581551377651E-005   1.4497002273776400E-004   1.8672593065009404E-004   2.1787034914641813E-004   2.3526939664324394E-004   2.3839988455978773E-004   2.2878092483753792E-004   2.0914658390495570E-004   1.8263757298932944E-004   1.5219658523009719E-004   1.2025465351514860E-004   8.8720860021044266E-005   5.9229554499358381E-005   3.3529055046013805E-005   1.3775769435060079E-005   2.2905220852167899E-006   0.0000000000000000     
   0.0000000000000000        1.0586130588236883E-005   5.2629493942892895E-005   1.2345724591570698E-004   2.1216773466117139E-004   3.0433261857601651E-004   3.8610582073679502E-004   4.4707992966003436E-004   4.8158771889394341E-004   4.8862235709029784E-004   4.7083745327517319E-004   4.3314231138049487E-004   3.8131912173682735E-004   3.2095104366095298E-004   2.5681697558095423E-004   1.9279710365585514E-004   1.3223087155616415E-004   7.8544271579323671E-005   3.5786245601038238E-005   8.4841142974469178E-006   0.0000000000000000     
   0.0000000000000000        2.2861302561279304E-005   9.8887020374604039E-005   2.1953027065401565E-004   3.6556923366874369E-004   5.1378976955743498E-004   6.4302030640786122E-004   7.3804856771151315E-004   7.9106334310185297E-004   8.0113461337208371E-004   7.7255680532292237E-004   7.1279447859648004E-004   6.3055070326428438E-004   5.3427976072907026E-004   4.3132252645744631E-004   3.2773205020473150E-004   2.2874061825692570E-004   1.3966177476929591E-004   6.6803948059783935E-005   1.7726537759200115E-005   0.0000000000000000     
   0.0000000000000000        3.9692416848146935E-005   1.6055580965254414E-004   3.4424411529926412E-004   5.5956448252040462E-004   7.7217682691170444E-004   9.5287744101255360E-004   1.0822151503574694E-003   1.1514115100010921E-003   1.1608112179233327E-003   1.1172297246247020E-003   1.0311620401324626E-003   9.1437645386180822E-004   7.7814300655785682E-004   6.3222379655543468E-004   4.8468939949147729E-004   3.4254075657097325E-004   2.1295833111948165E-004   1.0475451438797504E-004   2.9305326989696033E-005   0.0000000000000000     
   0.0000000000000000        6.2088026701243422E-005   2.4018538337357794E-004   5.0076814702644328E-004   7.9609398835130216E-004   1.0783533779317070E-003   1.3103122942068821E-003   1.4697795592639468E-003   1.5489732536013399E-003   1.5512093608987946E-003   1.4869249525052916E-003   1.3701264153182882E-003   1.2156475138407610E-003   1.0372787368091592E-003   8.4677152873827480E-004   6.5375242295303464E-004   4.6657252245214297E-004   2.9399676059074288E-004   1.4737312360509804E-004   4.2509502511613398E-005   0.0000000000000000     
   0.0000000000000000        9.1528959926094947E-005   3.4077450882979326E-004   6.9160374767712372E-004   1.0745505615616744E-003   1.4267921351325949E-003   1.7044298445127112E-003   1.8851783189381796E-003   1.9648360828615615E-003   1.9515456675080055E-003   1.8603595570104955E-003   1.7090690012310813E-003   1.5153521287712966E-003   1.2950146097040394E-003   1.0611608253449606E-003   8.2429389807245649E-004   5.9344202476599504E-004   3.7836353963482667E-004   1.9263019785621468E-004   5.6813254063636665E-005   0.0000000000000000     
   0.0000000000000000        1.2951901355260661E-004   4.6409411125752627E-004   9.1538159411560301E-004   1.3874646639835473E-003   1.8029619768769908E-003   2.1146110799510134E-003   2.3037102998094126E-003   2.3723661771270026E-003   2.3350395951207826E-003   2.2118884311852060E-003   2.0243325781953811E-003   1.7923908555775676E-003   1.5332293833357270E-003   1.2605969478506323E-003   9.8512070165348892E-004   7.1566252650698671E-004   4.6202146139707648E-004   2.3912142838861816E-004   7.2118417475932421E-005   0.0000000000000000     
   0.0000000000000000        1.7690847274402555E-004   6.0835801804107106E-004   1.1630311323561689E-003   1.7162672648760075E-003   2.1798106940434294E-003   2.5082652422715149E-003   2.6905169772057438E-003   2.7370627335026295E-003   2.6692373048270838E-003   2.5119749350966669E-003   2.2896214719507883E-003   2.0237713942367350E-003   1.7322694026697682E-003   1.4289297664566033E-003   1.1239217435497612E-003   8.2512715464673361E-004   5.4106911810751436E-004   2.8622958483553659E-004   8.9057902227033587E-005   0.0000000000000000     
   0.0000000000000000        2.3283301328778016E-004   7.6525387201035013E-004   1.4139766222047085E-003   2.0283781847738117E-003   2.5167031879549124E-003   2.8415318865048543E-003   3.0023859935194683E-003   3.0187271589648345E-003   2.9179891554360609E-003   2.7286358499295127E-003   2.4767236676015930E-003   2.1844927020144840E-003   1.8699178393609369E-003   1.5467081080796589E-003   1.2245956839800737E-003   9.1022015000861327E-004   6.0944611721283615E-004   3.3312992164162547E-004   1.0912838557348921E-004   0.0000000000000000     
   0.0000000000000000        2.9310598620759225E-004   9.1666554393162879E-004   1.6334553116040085E-003   2.2768400887126904E-003   2.7613862548722828E-003   3.0625584648918537E-003   3.1912149265458144E-003   3.1743252147647442E-003   3.0432818041098309E-003   2.8280348027101970E-003   2.5547101440969002E-003   2.2451451413266535E-003   1.9171046305424084E-003   1.5847440340457180E-003   1.2587554487349826E-003   9.4618828835978499E-004   6.5021605147477790E-004   3.7346379136222351E-004   1.3351130699170780E-004   0.0000000000000000     
   0.0000000000000000        3.4809020756510671E-004   1.0320139503156680E-003   1.7722214112971006E-003   2.4028160271461433E-003   2.8537749840211965E-003   3.1148980531304606E-003   3.2059932874398235E-003   3.1581696184290772E-003   3.0035360141628044E-003   2.7708445482242838E-003   2.4840980219993278E-003   2.1633052587084985E-003   1.8255492391692279E-003   1.4868292974939783E-003   1.1627692391740589E-003   8.6769313780969888E-004   6.0827661179421581E-004   3.7574152718845193E-004   1.5609251802672762E-004   0.0000000000000000     
   0.0000000000000000        3.8057687929954028E-004   1.0677511375857022E-003   1.7693746553663471E-003   2.3396625889174679E-003   2.7285170061403696E-003   2.9370898953925916E-003   2.9890576066320660E-003   2.9151089133278600E-003   2.7439342509687666E-003   2.4997361375389032E-003   2.2008867140935729E-003   1.8628804191639103E-003   1.4999324611479439E-003   1.1312445001507752E-003   7.8462181564282823E-004   5.0033518027413739E-004   3.1474793313675503E-004   2.2088280092048406E-004   1.3454878702098681E-004   0.0000000000000000     
   0.0000000000000000        3.6509386510050462E-004   9.7093182575182441E-004   1.5583215902023675E-003   2.0167104325954015E-003   2.3137311940508924E-003   2.4558973750697377E-003   2.4641094589085439E-003   2.3641473111355306E-003   2.1758569147129463E-003   1.9150735824433026E-003   1.5875968308596163E-003   1.1992728872011985E-003   7.5283850183302829E-004   2.6863855365770695E-004  -2.0777847523750868E-004  -5.7225331173849027E-004  -6.8537264449903038E-004  -4.7064378770392409E-004  -1.1581568254820574E-004   0.0000000000000000     
   0.0000000000000000        2.7114528945817616E-004   6.8917069144074539E-004   1.0768131730125522E-003   1.3644602748774486E-003   1.5292904049343903E-003   1.5784915073219835E-003   1.5220102159171913E-003   1.3797002342679230E-003   1.1532259356031283E-003   8.4970644435041040E-004   4.4605444490809808E-004  -6.5263646937956685E-005  -7.1974018778666238E-004  -1.5026812595639494E-003  -2.3719339057413145E-003  -3.1096381588912141E-003  -3.3484327858287165E-003  -2.6742874280912079E-003  -1.2667003124347319E-003   0.0000000000000000     
   0.0000000000000000        7.3199056825678198E-005   1.9045907849665747E-004   2.8688552795536596E-004   3.3375925602204036E-004   3.0256959887871293E-004   2.0851601580231758E-004   3.2804429796197377E-005  -1.9314229540697247E-004  -5.1435271949850400E-004  -9.0406836511789247E-004  -1.4649236637438324E-003  -2.1795106389147383E-003  -3.2006264902888905E-003  -4.4804219684260772E-003  -6.0982422243009878E-003  -7.6821643563677721E-003  -8.6647011636218560E-003  -7.8585749837002429E-003  -5.1660322535303903E-003   0.0000000000000000     
   0.0000000000000000       -2.3245431675557226E-004  -5.0071316456472726E-004  -7.8127458427297103E-004  -1.0403079284658991E-003  -1.3599230563994648E-003  -1.6550326566153917E-003  -2.0516163376674799E-003  -2.3965157726428426E-003  -2.9185989120456058E-003  -3.3860426071687464E-003  -4.2125365067813038E-003  -5.0558664549586142E-003  -6.4934375482646259E-003  -8.0074466728797412E-003  -1.0248416180180783E-002  -1.2430355691628342E-002  -1.4901654708382398E-002  -1.4814662189445965E-002  -1.4123222443862458E-002   0.0000000000000000     
   0.0000000000000000       -6.1200631901325939E-004  -1.2366520000905643E-003  -1.9442091027187689E-003  -2.4789709101433717E-003  -3.2024020637776247E-003  -3.6453265302190609E-003  -4.4377401383866987E-003  -4.7460086366158402E-003  -5.6685876472320424E-003  -5.7983818291597860E-003  -7.0169733885979092E-003  -7.1087937638793994E-003  -8.8191249400989546E-003  -9.0243432742466642E-003  -1.0913496927284360E-002  -1.3286785269696361E-002  -1.6001226151446987E-002  -1.4405991304275001E-002  -2.4382408341989518E-002   0.0000000000000000     
   0.0000000000000000       -9.7266744321742628E-004  -1.5896290028349781E-003  -2.6911240326151415E-003  -3.0955432086853998E-003  -4.3756630639527078E-003  -4.4457683866301221E-003  -6.0589710968348403E-003  -5.5976564784285757E-003  -7.7934013714272424E-003  -6.4827144784883484E-003  -9.6621117077921696E-003  -7.0187377345464937E-003  -1.1814577255563005E-002  -7.1220379642891237E-003  -1.4422389418202258E-002  -6.7753796467004482E-003  -1.7991835032638796E-002  -5.6761164007189564E-003  -2.1773331054040220E-002   0.0000000000000000     
   0.0000000000000000        0.0000000000000000        0.0000000000000000        0.0000000000000000        0.0000000000000000        0.0000000000000000        0.0000000000000000        0.0000000000000000        0.0000000000000000        0.0000000000000000        0.0000000000000000        0.0000000000000000        0.0000000000000000        0.0000000000000000        0.0000000000000000        0.0000000000000000        0.0000000000000000        0.0000000000000000        0.0000000000000000        0.0000000000000000        0.0000000000000000     
