   0.0000000000000000        0.0000000000000000        0.0000000000000000        0.0000000000000000        0.0000000000000000        0.0000000000000000        0.0000000000000000        0.0000000000000000        0.0000000000000000        0.0000000000000000        0.0000000000000000        0.0000000000000000        0.0000000000000000        0.0000000000000000        0.0000000000000000        0.0000000000000000        0.0000000000000000        0.0000000000000000        0.0000000000000000        0.0000000000000000        0.0000000000000000     
   0.0000000000000000        1.0763619194039812E-005  -2.6458085821932551E-005  -1.1629502294525613E-004  -2.4372424665768653E-004  -3.8976765950292835E-004  -5.3661259293221494E-004  -6.6902362248426859E-004  -7.7456418083615708E-004  -8.4359890148214402E-004  -8.6944855014183507E-004  -8.4878975420886872E-004  -7.8222994007025272E-004  -6.7488399970866138E-004  -5.3672071582570868E-004  -3.8243476041984083E-004  -2.3062259485438267E-004  -1.0202770355597719E-004  -1.6337195631184656E-005   1.4206552470426936E-005   0.0000000000000000     
   0.0000000000000000       -2.5639504102911659E-005  -2.0890418815461520E-004  -5.4886679647607093E-004  -1.0011257067149347E-003  -1.5084081876980584E-003  -2.0142158985862646E-003  -2.4683644020473891E-003  -2.8290344062392335E-003  -3.0637146837273008E-003  -3.1501810989110371E-003  -3.0778992729735824E-003  -2.8497305709872045E-003  -2.4834740733964246E-003  -2.0125660938505145E-003  -1.4851798391915440E-003  -9.6099316256984706E-004  -5.0489593545233365E-004  -1.7654778661235971E-004  -1.3259718722341593E-005   0.0000000000000000     
   0.0000000000000000       -1.1947900813045354E-004  -5.6702147932289715E-004  -1.3103728155810718E-003  -2.2596219542403294E-003  -3.3052447620486483E-003  -4.3385838690309115E-003  -5.2618707695472802E-003  -5.9928809040817061E-003  -6.4675042292779775E-003  -6.6420762715145914E-003  -6.4961930686499060E-003  -6.0358676252799523E-003  -5.2962423552861421E-003  -4.3426456950794966E-003  -3.2685838260847594E-003  -2.1892866003220051E-003  -1.2295918712714243E-003  -5.0499678907105162E-004  -9.4191747575435035E-005   0.0000000000000000     
   0.0000000000000000       -2.6683465329220519E-004  -1.0939783401959207E-003  -2.3877754091205568E-003  -3.9934626005925858E-003  -5.7357145368985086E-003  -7.4431491823254538E-003  -8.9616666995705908E-003  -1.0161374300759614E-002  -1.0940778448808506E-002  -1.1230575133951783E-002  -1.0998047225149021E-002  -1.0251919345336877E-002  -9.0465787376848295E-003  -7.4838803094645200E-003  -5.7103716616771008E-003  -3.9077754154944449E-003  -2.2749918599723452E-003  -1.0006529942729232E-003  -2.2615158972765355E-004   0.0000000000000000     
   0.0000000000000000       -4.6250181547397625E-004  -1.7784167936915156E-003  -3.7633796462390868E-003  -6.1769811410828882E-003  -8.7640639709070742E-003  -1.1281031213008701E-002  -1.3510793784703070E-002  -1.5270834410727933E-002  -1.6418318021615072E-002  -1.6854952232491564E-002  -1.6532867381749555E-002  -1.5461396789679336E-002  -1.3713403955691926E-002  -1.1428788367276272E-002  -8.8121162602480558E-003  -6.1211706764599770E-003  -3.6438509875148053E-003  -1.6624372076957730E-003  -4.0666703643541435E-004   0.0000000000000000     
   0.0000000000000000       -7.0292524318677049E-004  -2.6112790965523969E-003  -5.4222442088240020E-003  -8.7887538844050386E-003  -1.2361676147570777E-002  -1.5816467533414674E-002  -1.8867905067163300E-002  -2.1277637351693243E-002  -2.2858915203701646E-002  -2.3481638747206417E-002  -2.3079312711302463E-002  -2.1657919687173902E-002  -1.9305200351133797E-002  -1.6197410926645204E-002  -1.2599449905837761E-002  -8.8536637058690051E-003  -5.3532231617554639E-003  -2.4982663553228296E-003  -6.3711763480241526E-004   0.0000000000000000     
   0.0000000000000000       -9.8631376110182322E-004  -3.5868325554271815E-003  -7.3531254409828425E-003  -1.1810500369178675E-002  -1.6502090418067921E-002  -2.1014818954119042E-002  -2.4991968609437028E-002  -2.8138121882180005E-002  -3.0221669180196357E-002  -3.1078654041959388E-002  -3.0620013977788546E-002  -2.8842530496366103E-002  -2.5842023927350452E-002  -2.1825440876978405E-002  -1.7116563856730896E-002  -1.2148598744273612E-002  -7.4368547088678192E-003  -3.5273794935521642E-003  -9.2343756005816894E-004   0.0000000000000000     
   0.0000000000000000       -1.3122253069579488E-003  -4.7020113534379454E-003  -9.5470387211151753E-003  -1.5223611185479035E-002  -2.1154108472502622E-002  -2.6831218693802224E-002  -3.1826013806058158E-002  -3.5787631714476333E-002  -3.8441143127337707E-002  -3.9588262206926794E-002  -3.9113591642592718E-002  -3.6997244317925587E-002  -3.3332759881114941E-002  -2.8346905616822918E-002  -2.2415065124130263E-002  -1.6062915559131464E-002  -9.9434114244765157E-003  -4.7801356140624238E-003  -1.2760520808143998E-003   0.0000000000000000     
   0.0000000000000000       -1.6813985428497083E-003  -5.9559354796056493E-003  -1.1995680315736666E-002  -1.9005178708224321E-002  -2.6274101690072327E-002  -3.3198157276950996E-002  -3.9279494046991735E-002  -4.4117685814781545E-002  -4.7399893315018399E-002  -4.8895941784552151E-002  -4.8461703127030221E-002  -4.6052344107886549E-002  -4.1745197894830804E-002  -3.5769494448441651E-002  -2.8536296666138196E-002  -2.0656769783152638E-002  -1.2931996822937077E-002  -6.2969065434261024E-003  -1.7098353399374647E-003   0.0000000000000000     
   0.0000000000000000       -2.0962279785135800E-003  -7.3506337040079930E-003  -1.4690985555763080E-002  -2.3124577565297167E-002  -3.1798079839873969E-002  -4.0012066312102648E-002  -4.7208958177161954E-002  -5.2950736786905185E-002  -5.6897664260854491E-002  -5.8794758819299416E-002  -5.8469886935208402E-002  -5.5845748095502405E-002  -5.0966821964934399E-002  -4.4040248023844882E-002  -3.5485164568778725E-002  -2.5977232227204865E-002  -1.6464877961381349E-002  -8.1265340350719743E-003  -2.2443888547602517E-003   0.0000000000000000     
   0.0000000000000000       -2.5623048484118877E-003  -8.8937569142672566E-003  -1.7626460649571671E-002  -2.7540711316892997E-002  -3.7633093050344874E-002  -4.7118165141561502E-002  -5.5396310312199243E-002  -6.2012074682496081E-002  -6.6617187181450668E-002  -6.8945348232530082E-002  -6.8802346620208912E-002  -6.6074059492663581E-002  -6.0754969655782823E-002  -5.2999220260273400E-002  -4.3192516785896626E-002  -3.2033505446376870E-002  -2.0596102142800735E-002  -1.0324266743688686E-002  -2.9049046509896301E-003   0.0000000000000000     
   0.0000000000000000       -3.0916828161454898E-003  -1.0603953001266996E-002  -2.0799991604241213E-002  -3.2198369854720826E-002  -4.3645550433600570E-002  -5.4291000662801736E-002  -6.3522627575805887E-002  -7.0897881248776856E-002  -7.6086833635180873E-002  -7.8832870225479468E-002  -7.8932636273909451E-002  -7.6236968498889335E-002  -7.0676679984161245E-002  -6.2319311087231981E-002  -5.1462304412926541E-002  -3.8759331478048310E-002  -2.5353115301019764E-002  -1.2948600579199752E-002  -3.7241024984463397E-003   0.0000000000000000     
   0.0000000000000000       -3.7089725599794635E-003  -1.2519068969329515E-002  -2.4215579472008357E-002  -3.7018535723412072E-002  -4.9639987653149253E-002  -6.1204429509570647E-002  -7.1132712423320948E-002  -7.9036798286683155E-002  -8.4640000833994519E-002  -8.7723225499437021E-002  -8.8094320371940996E-002  -8.5579617477364700E-002  -8.0041526696579365E-002  -7.1432294867725510E-002  -5.9899369141386376E-002  -4.5955719153513194E-002  -3.0705546348059512E-002  -1.6055263080657411E-002  -4.7461867316816531E-003   0.0000000000000000     
   0.0000000000000000       -4.4619857536621057E-003  -1.4705156512496115E-002  -2.7875614528612962E-002  -4.1869625648606461E-002  -5.5313947764126008E-002  -6.7378194419271106E-002  -7.7580727881506925E-002  -8.5639337451318936E-002  -9.1369741938990737E-002  -9.4621074136936836E-002  -9.5237610895019031E-002  -9.3041059683207722E-002  -8.7835188342931705E-002  -7.9444804594473326E-002  -6.7814336098381861E-002  -5.3203264236451588E-002  -3.6509017505757566E-002  -1.9682805436519114E-002  -6.0342346268850659E-003   0.0000000000000000     
   0.0000000000000000       -5.4386569696147705E-003  -1.7256306074722675E-002  -3.1740440126615997E-002  -4.6490132946319221E-002  -6.0160496097479546E-002  -7.2078031729225917E-002  -8.1940781888952721E-002  -8.9625784648268675E-002  -9.5075378835569005E-002  -9.8231859801182500E-002  -9.8999202073832115E-002  -9.7220238873909834E-002  -9.2667051371141132E-002  -8.5054356985575813E-002  -7.4105147310461861E-002  -5.9728172662221315E-002  -4.2398547150019790E-002  -2.3812578370487628E-002  -7.6812640688236761E-003   0.0000000000000000     
   0.0000000000000000       -6.7865091533206223E-003  -2.0248660399418097E-002  -3.5595233370506338E-002  -5.0300488956161002E-002  -6.3267740442300976E-002  -7.4134524427664536E-002  -8.2862034982343971E-002  -8.9522960378037864E-002  -9.4198882456963243E-002  -9.6931002170025649E-002  -9.7693381510655819E-002  -9.6373024240444125E-002  -9.2750525886545032E-002  -8.6484697458563631E-002  -7.7123124164532944E-002  -6.4202187526321564E-002  -4.7580776212481121E-002  -2.8252303890765114E-002  -9.8142666667515414E-003   0.0000000000000000     
   0.0000000000000000       -8.6956680177017291E-003  -2.3526580141627805E-002  -3.8678332291808587E-002  -5.1985687461090793E-002  -6.2940974673213634E-002  -7.1645140833383331E-002  -7.8358932395905703E-002  -8.3334505663838709E-002  -8.6761174032055799E-002  -8.8751356022779865E-002  -8.9335774073429464E-002  -8.8454600869996569E-002  -8.5937727093778088E-002  -8.1470540038445685E-002  -7.4549653234203220E-002  -6.4464015807118621E-002  -5.0435935654144559E-002  -3.2304828573410202E-002  -1.2525136725461124E-002   0.0000000000000000     
   0.0000000000000000       -1.1126947497494811E-002  -2.5938803054885835E-002  -3.8748642608115939E-002  -4.8667838969011827E-002  -5.6088771578376620E-002  -6.1575207556029930E-002  -6.5585458400723509E-002  -6.8440181579553547E-002  -7.0346396229061844E-002  -7.1424004331975696E-002  -7.1722069880925388E-002  -7.1222304560344660E-002  -6.9827443884245069E-002  -6.7328603402693130E-002  -6.3340451330367822E-002  -5.7193317477600744E-002  -4.7815778410877155E-002  -3.3886535591654839E-002  -1.5429287052826139E-002   0.0000000000000000     
   0.0000000000000000       -1.2203171320775240E-002  -2.2925582336244140E-002  -3.0038727141277768E-002  -3.4575118644660160E-002  -3.7515904858491371E-002  -3.9474293693687885E-002  -4.0800337246786833E-002  -4.1690268445271718E-002  -4.2253657602912525E-002  -4.2549405625829220E-002  -4.2603265177238336E-002  -4.2414085498600096E-002  -4.1951061924472371E-002  -4.1139393924787125E-002  -3.9823805878031110E-002  -3.7682161783453391E-002  -3.4028312051999070E-002  -2.7440917050537614E-002  -1.5664976939213357E-002   0.0000000000000000     
   0.0000000000000000        0.0000000000000000        0.0000000000000000        0.0000000000000000        0.0000000000000000        0.0000000000000000        0.0000000000000000        0.0000000000000000        0.0000000000000000        0.0000000000000000        0.0000000000000000        0.0000000000000000        0.0000000000000000        0.0000000000000000        0.0000000000000000        0.0000000000000000        0.0000000000000000        0.0000000000000000        0.0000000000000000        0.0000000000000000        0.0000000000000000     
