   0.0000000000000000        0.0000000000000000        0.0000000000000000        0.0000000000000000        0.0000000000000000        0.0000000000000000        0.0000000000000000        0.0000000000000000        0.0000000000000000        0.0000000000000000        0.0000000000000000        0.0000000000000000        0.0000000000000000        0.0000000000000000        0.0000000000000000        0.0000000000000000        0.0000000000000000        0.0000000000000000        0.0000000000000000        0.0000000000000000        0.0000000000000000     
   0.0000000000000000        9.7007492439688203E-006   3.6560433983047357E-005   6.9850501955396916E-005   1.0229142793639238E-004   1.3077206371345406E-004   1.5502849120901951E-004   1.7623779755002167E-004   1.9587621709368124E-004   2.1486741487632076E-004   2.3300994310539172E-004   2.4870296636146199E-004   2.5902452035688400E-004   2.6021211656905325E-004   2.4852198847935775E-004   2.2133311953680091E-004   1.7833462773212441E-004   1.2281759904842613E-004   6.3357250580752555E-005   1.5620089289787444E-005   0.0000000000000000     
   0.0000000000000000        3.7275540256586780E-005   1.1811946881669652E-004   2.1339754366454369E-004   3.0464329233468267E-004   3.8389197892157881E-004   4.5071447902027815E-004   5.0884786913169553E-004   5.6316620875392781E-004   6.1719222832303270E-004   6.7123447553428691E-004   7.2128168516200650E-004   7.5888385692098482E-004   7.7227778555785805E-004   7.4885702387454851E-004   6.7875314645220208E-004   5.5901693172305913E-004   3.9797635832919479E-004   2.1965542911175459E-004   6.7263282756810258E-005   0.0000000000000000     
   0.0000000000000000        7.1191451374694352E-005   2.1085262957428705E-004   3.6736836509374140E-004   5.1110081363011555E-004   6.3042711738925069E-004   7.2644448125941830E-004   8.0762833561741180E-004   8.8489973315133399E-004   9.6726201934543973E-004   1.0581453150717767E-003   1.1527454887306473E-003   1.2369130410167339E-003   1.2883478547844869E-003   1.2806974438996509E-003   1.1905054475461686E-003   1.0060883905673144E-003   7.3695060893708380E-004   4.2256965399432031E-004   1.3916449426872648E-004   0.0000000000000000     
   0.0000000000000000        1.0030354476976598E-004   2.8172163280610523E-004   4.7100202045593934E-004   6.2997934995957523E-004   7.4622513390562768E-004   8.2519551766886343E-004   8.8334726091796717E-004   9.4172840829348633E-004   1.0198063447167305E-003   1.1295390705271823E-003   1.2700742203242217E-003   1.4241204368088307E-003   1.5577065031116147E-003   1.6251111180788872E-003   1.5797369443278446E-003   1.3898053499492077E-003   1.0559946503886945E-003   6.2780075243419327E-004   2.1627418636438678E-004   0.0000000000000000     
   0.0000000000000000        1.1413876457949463E-004   2.9859764796594690E-004   4.6505603157317115E-004   5.7189504584069550E-004   6.0950770185974070E-004   5.9087945090697711E-004   5.4438870935162793E-004   5.0686566118844428E-004   5.1596356062004868E-004   6.0143874567063324E-004   7.7562801002338652E-004   1.0247758982596235E-003   1.3044970011587805E-003   1.5434183957448691E-003   1.6578607916086796E-003   1.5770780694760295E-003   1.2743345311945322E-003   7.9667471268647075E-004   2.8771482690935908E-004   0.0000000000000000     
   0.0000000000000000        1.0222557010524303E-004   2.3024555543552471E-004   2.9298477484455623E-004   2.5215591706798221E-004   1.0428314744420484E-004  -1.2764690668848184E-004  -3.9943789551199333E-004  -6.5157197472676858E-004  -8.1753392449735980E-004  -8.3572231349405830E-004  -6.6514713759606480E-004  -3.0272589855167480E-004   2.0321368183906068E-004   7.5083144966026072E-004   1.2010870229767902E-003   1.4149509111809370E-003   1.3058810788846038E-003   8.9390002420641854E-004   3.4667511530935577E-004   0.0000000000000000     
   0.0000000000000000        5.4599903066179159E-005   4.8917258835787777E-005  -9.3618514085694652E-005  -4.0081712052303527E-004  -8.6833553629043212E-004  -1.4625762295326649E-003  -2.1207645066586437E-003  -2.7535709238657351E-003  -3.2527875637525226E-003  -3.5063027354278339E-003  -3.4216725929835617E-003  -2.9560225203678213E-003  -2.1448188858804742E-003  -1.1175928492879346E-003  -8.7070384809425337E-005   6.9847547369281170E-004   1.0384449996097289E-003   8.7823090798269340E-004   3.8824839612618014E-004   0.0000000000000000     
   0.0000000000000000       -3.6242526525218793E-005  -2.6410454066791910E-004  -7.2532963771477989E-004  -1.4312198453246753E-003  -2.3705361184041523E-003  -3.5012500705724264E-003  -4.7416863304998698E-003  -5.9672801499273424E-003  -7.0156311339462703E-003  -7.7034211942901398E-003  -7.8582525473673472E-003  -7.3638264186140700E-003  -6.2099415132129635E-003  -4.5323179684544738E-003  -2.6220330737554741E-003  -8.8103466156693626E-004   2.9348243023988340E-004   6.8154082939321384E-004   4.0379918431491830E-004   0.0000000000000000     
   0.0000000000000000       -1.7246192747037389E-004  -7.1137596982006549E-004  -1.6030892015099878E-003  -2.8382584627007325E-003  -4.4021786840692471E-003  -6.2493974237549143E-003  -8.2823320804378542E-003  -1.0339675562854228E-002  -1.2196605652416658E-002  -1.3581686035357860E-002  -1.4215518780252304E-002  -1.3870437806305142E-002  -1.2442732247883170E-002  -1.0023347351749675E-002  -6.9472036110869145E-003  -3.7863573772078845E-003  -1.2319464195379526E-003   1.7242391798394184E-004   3.6992840579674365E-004   0.0000000000000000     
   0.0000000000000000       -3.4818877882379087E-004  -1.2732246106875677E-003  -2.6882415292741576E-003  -4.5603452440873323E-003  -6.8754986394049351E-003  -9.5910572428244550E-003  -1.2599116209295361E-002  -1.5704835065573783E-002  -1.8620390264195288E-002  -2.0980611577358133E-002  -2.2386654272931576E-002  -2.2475754211777617E-002  -2.1006730549186281E-002  -1.7952208956864547E-002  -1.3594477595773331E-002  -8.6038126153783773E-003  -4.0086101834264131E-003  -8.9250879188703086E-004   2.3022288854703237E-004   0.0000000000000000     
   0.0000000000000000       -5.4858696896076232E-004  -1.9060928466342985E-003  -3.8995825595071767E-003  -6.4688432636102848E-003  -9.6020499873251605E-003  -1.3263545522924391E-002  -1.7340410582773396E-002  -2.1610271142897687E-002  -2.5729679912571125E-002  -2.9250232264669485E-002  -3.1668361447768696E-002  -3.2500682845922842E-002  -3.1365589796515575E-002  -2.8064147430351433E-002  -2.2688650349666533E-002  -1.5799877820471753E-002  -8.6173900598430046E-003  -2.9094319821612331E-003  -1.3377746548959150E-004   0.0000000000000000     
   0.0000000000000000       -7.5209068958236990E-004  -2.5482587333130226E-003  -5.1223342727564772E-003  -8.3798530082300499E-003  -1.2307023619436277E-002  -1.6874165604636268E-002  -2.1965461713458131E-002  -2.7337241800812432E-002  -3.2603686813904485E-002  -3.7258093630389164E-002  -4.0733532474567825E-002  -4.2484226716000766E-002  -4.2050953990323638E-002  -3.9091699099702538E-002  -3.3426228845219036E-002  -2.5227221746134780E-002  -1.5476380083907233E-002  -6.4061707352275708E-003  -9.5217979472811257E-004   0.0000000000000000     
   0.0000000000000000       -9.3634835017589917E-004  -3.1340348359925828E-003  -6.2310328586599878E-003  -1.0088047923645368E-002  -1.4679125123768283E-002  -1.9974486162880035E-002  -2.5855279045642891E-002  -3.2064453074986482E-002  -3.8192958423573523E-002  -4.3709450223326729E-002  -4.8034592674307132E-002  -5.0632135345369006E-002  -5.1063527094075543E-002  -4.8962083237807610E-002  -4.3953560928301522E-002  -3.5688665201398219E-002  -2.4369201184524184E-002  -1.1865703333786464E-002  -2.6460198273073068E-003   0.0000000000000000     
   0.0000000000000000       -1.0871953647195321E-003  -3.6146919165212805E-003  -7.1228222787338329E-003  -1.1416077413029009E-002  -1.6444333067118587E-002  -2.2170991064846948E-002  -2.8476765040520106E-002  -3.5106017953564585E-002  -4.1654793952919704E-002  -4.7606565265378743E-002  -5.2414237614787834E-002  -5.5597819926425936E-002  -5.6802836757612440E-002  -5.5755266667070494E-002  -5.2095836822663943E-002  -4.5135491876426299E-002  -3.4114827931867896E-002  -1.9352028908399398E-002  -5.8914170866073310E-003   0.0000000000000000     
   0.0000000000000000       -1.2099320833746068E-003  -3.9825352623408311E-003  -7.7528407989430302E-003  -1.2263455667269142E-002  -1.7434123990191893E-002  -2.3219946709219296E-002  -2.9510293831420224E-002  -3.6074118055417957E-002  -4.2549329623150521E-002  -4.8477699393918709E-002  -5.3382822432860501E-002  -5.6860196688843602E-002  -5.8643936991354756E-002  -5.8567171340638970E-002  -5.6448114775750458E-002  -5.1584869475182496E-002  -4.2810428716912860E-002  -2.8083681345438694E-002  -1.1502336126406356E-002   0.0000000000000000     
   0.0000000000000000       -1.3455211949708612E-003  -4.2961587849502571E-003  -8.1634239520361439E-003  -1.2639971678761143E-002  -1.7624865515799920E-002  -2.3072674241220104E-002  -2.8895576413501566E-002  -3.4912005360921088E-002  -4.0837534140765006E-002  -4.6311007468815953E-002  -5.0962731228494318E-002  -5.4474071084654067E-002  -5.6668700425689271E-002  -5.7398570395824258E-002  -5.6717571161478721E-002  -5.3909776404386746E-002  -4.8538161389794304E-002  -3.6168201144725208E-002  -1.9915364716870301E-002   0.0000000000000000     
   0.0000000000000000       -1.6011323349485601E-003  -4.7075590086806743E-003  -8.5003208855126740E-003  -1.2672385867190545E-002  -1.7133613408995031E-002  -2.1855701313867316E-002  -2.6790408038589283E-002  -3.1824930044198188E-002  -3.6779535081420255E-002  -4.1409702259139022E-002  -4.5488151222679803E-002  -4.8757309592571185E-002  -5.1204799063706029E-002  -5.2490676709352452E-002  -5.3139210059948885E-002  -5.1725986996718716E-002  -4.9930623885410232E-002  -4.0613374321262233E-002  -3.0067328812944452E-002   0.0000000000000000     
   0.0000000000000000       -2.1877189124219457E-003  -5.4660883206274994E-003  -9.0056867562121248E-003  -1.2606596615232149E-002  -1.6232982313688835E-002  -1.9890162579691464E-002  -2.3584456770050045E-002  -2.7275021008046598E-002  -3.0913707665507158E-002  -3.4335644913274364E-002  -3.7537835131827922E-002  -4.0143521590000550E-002  -4.2595600606983669E-002  -4.3822967853092615E-002  -4.5638884469405443E-002  -4.4482289869305310E-002  -4.5971934083154586E-002  -3.7950193402857289E-002  -3.7503343247736749E-002   0.0000000000000000     
   0.0000000000000000       -3.1313869845359830E-003  -6.3771360927668127E-003  -9.3506871315590986E-003  -1.2055122657959990E-002  -1.4537177037545090E-002  -1.6833980252407035E-002  -1.9009888351014508E-002  -2.1035912987616843E-002  -2.3033518839507338E-002  -2.4758248035615351E-002  -2.6611072077429417E-002  -2.7780497494607606E-002  -2.9578573650885155E-002  -2.9711235368014496E-002  -3.1881407724616707E-002  -2.9898533751221028E-002  -3.3419412593669082E-002  -2.5693887004520060E-002  -3.2409869787931027E-002   0.0000000000000000     
   0.0000000000000000        0.0000000000000000        0.0000000000000000        0.0000000000000000        0.0000000000000000        0.0000000000000000        0.0000000000000000        0.0000000000000000        0.0000000000000000        0.0000000000000000        0.0000000000000000        0.0000000000000000        0.0000000000000000        0.0000000000000000        0.0000000000000000        0.0000000000000000        0.0000000000000000        0.0000000000000000        0.0000000000000000        0.0000000000000000        0.0000000000000000     
