   0.0000000000000000        0.0000000000000000        0.0000000000000000        0.0000000000000000        0.0000000000000000        0.0000000000000000        0.0000000000000000        0.0000000000000000        0.0000000000000000        0.0000000000000000        0.0000000000000000        0.0000000000000000        0.0000000000000000        0.0000000000000000        0.0000000000000000        0.0000000000000000        0.0000000000000000        0.0000000000000000        0.0000000000000000        0.0000000000000000        0.0000000000000000     
   0.0000000000000000       -3.7899604819102012E-005  -9.1143603053747718E-005  -1.4713141794773639E-004  -2.0199697633689040E-004  -2.5227597404698407E-004  -2.9289623860977805E-004  -3.1812881260679575E-004  -3.2361109290169899E-004  -3.0808976622308644E-004  -2.7369262900173684E-004  -2.2348931176563479E-004  -1.6042089736590637E-004  -9.8272569901485863E-005  -5.1909982816467079E-005  -2.7515324970469500E-005  -2.0433994134131701E-005  -2.0536731909418741E-005  -1.7276618244862577E-005  -4.4845333204676145E-006   0.0000000000000000     
   0.0000000000000000       -1.0183930522015500E-004  -2.4347259177935542E-004  -3.9397493864480983E-004  -5.4365082936535896E-004  -6.8289354314639620E-004  -7.9658992166778040E-004  -8.6730989706919738E-004  -8.8155458678077978E-004  -8.3532715214782458E-004  -7.3643486467813617E-004  -5.9598565049413408E-004  -4.1559631252061427E-004  -2.3867641052511277E-004  -1.0871604201728166E-004  -4.2916021183662484E-005  -2.8681496043113695E-005  -3.8856767354470583E-005  -4.4892809839771445E-005  -2.2492077604061897E-005   0.0000000000000000     
   0.0000000000000000       -1.7886033231498123E-004  -4.2619473312194842E-004  -6.8830235432909657E-004  -9.4912608351079887E-004  -1.1915652515071967E-003  -1.3878614569883352E-003  -1.5066194503599523E-003  -1.5230849731832845E-003  -1.4287339982338343E-003  -1.2430210137772213E-003  -9.9522569743413971E-004  -6.3824494225265919E-004  -2.8484903138912025E-004  -3.5693802901012940E-005   7.8860587654305995E-005   8.7714781430455371E-005   4.1799058163238288E-005  -1.4779886529808154E-005  -2.7588970907212139E-005   0.0000000000000000     
   0.0000000000000000       -2.6037559692247220E-004  -6.2085245278306308E-004  -1.0032215316545265E-003  -1.3865156673900096E-003  -1.7476898067558546E-003  -2.0491923458546106E-003  -2.2498065786770750E-003  -2.3060210804033174E-003  -2.1722804704344340E-003  -1.8681744398816489E-003  -1.5155888609000500E-003  -8.5056990989231711E-004  -1.9640763836260139E-004   2.1535168912946908E-004   3.6487146783063546E-004   3.3581139877569930E-004   2.4060426592296759E-004   1.1682451701080870E-004   1.4947115755583488E-005   0.0000000000000000     
   0.0000000000000000       -3.3783357131806729E-004  -8.0955261662257532E-004  -1.3154116964825616E-003  -1.8365612168844546E-003  -2.3548061207163168E-003  -2.8398323216143034E-003  -3.2531019347943621E-003  -3.4713285841994628E-003  -3.2247666299740469E-003  -2.4724519274460844E-003  -1.9009063690421379E-003  -6.1661987529700642E-004   5.5003495904783672E-004   1.1158072553830909E-003   1.1548978164899536E-003   8.6078959474950956E-004   5.5369503228640412E-004   3.5204518666449039E-004   1.5241439155154818E-004   0.0000000000000000     
   0.0000000000000000       -4.0319828767038611E-004  -9.7441063122216502E-004  -1.6028949334204441E-003  -2.2933516609120342E-003  -3.0626550298552286E-003  -3.9138795968336106E-003  -4.7909019242121792E-003  -5.2094559222188074E-003  -4.2766783077139228E-003  -1.9868574712057618E-003  -8.5387512719185344E-004   1.3779941057473419E-003   3.1140324888485377E-003   3.7056005629733462E-003   3.4401171356307583E-003   2.5770077992683946E-003   1.4296754097178296E-003   7.6768085331076143E-004   4.4487723630376561E-004   0.0000000000000000     
   0.0000000000000000       -4.4951171838290144E-004  -1.0971093482322015E-003  -1.8425135080909888E-003  -2.7539782715609376E-003  -3.9470020078150123E-003  -5.5019050632829723E-003  -6.9357949176644318E-003  -6.9077470103919335E-003  -4.8032239790878582E-003  -3.8641926653125707E-004   1.5468210021517921E-003   5.0359937658299185E-003   7.0837583708353172E-003   7.7203931688683254E-003   6.9728813945180582E-003   5.7105682665421088E-003   3.9314255549670824E-003   2.0451934960505820E-003   1.1037249304278376E-003   0.0000000000000000     
   0.0000000000000000       -4.7603400018672148E-004  -1.1743983557004260E-003  -2.0631914618582984E-003  -3.3516165162969613E-003  -5.1787815821991851E-003  -7.3457399936029729E-003  -8.5934520106998556E-003  -7.8676036393371153E-003  -5.5000006864243146E-003  -1.1784337232841426E-004   2.2745246187460392E-003   7.1910140172145526E-003   9.3939915391582380E-003   1.0572887049034953E-002   1.0431760114437189E-002   8.8792995110925470E-003   6.7088804325180409E-003   3.7782685032205694E-003   2.1781916363416221E-003   0.0000000000000000     
   0.0000000000000000       -4.9699417285508089E-004  -1.2189421217665866E-003  -2.2468946626646182E-003  -4.0244100261732241E-003  -6.6187852377049402E-003  -8.9733014068624443E-003  -9.5232085781918278E-003  -7.8689968264397687E-003  -5.1097803988702254E-003   4.1786104867267489E-004   2.6546965903834260E-003   8.2421194469825040E-003   1.0314780419480194E-002   1.2595470657018442E-002   1.3465537689901972E-002   1.1990831365114371E-002   9.3700255281813118E-003   5.6238418874645776E-003   3.3324417358342080E-003   0.0000000000000000     
   0.0000000000000000       -5.8504138267854078E-004  -1.4792103663025813E-003  -2.9127608731045482E-003  -5.3170011798363464E-003  -8.2316528769573946E-003  -1.0270995713750633E-002  -9.7824898050255776E-003  -7.2996162623712056E-003  -4.7077523528420671E-003   5.1036605420400061E-004   2.4665532175373824E-003   8.6760088593532785E-003   1.1350351139142604E-002   1.5327664612483784E-002   1.6057367894245122E-002   1.4526653582000596E-002   1.1347235475596200E-002   6.8669346796053172E-003   3.9692745697290296E-003   0.0000000000000000     
   0.0000000000000000       -6.5451688707766583E-004  -1.6272649527599666E-003  -3.3178645100201986E-003  -6.1032815528674405E-003  -9.4941729020061646E-003  -1.1372440420749998E-002  -1.0568243274715958E-002  -8.4047924409471030E-003  -6.0152203268490799E-003  -5.9287938776544067E-004   1.0417106529478450E-003   7.5499585497404301E-003   1.0625757048622828E-002   1.5097049135189449E-002   1.5116534496700685E-002   1.4451709866545025E-002   1.1062572928517183E-002   6.6459069938006269E-003   3.5855699654316737E-003   0.0000000000000000     
   0.0000000000000000       -8.4203257281259948E-004  -2.1247280129912515E-003  -4.1958590670432717E-003  -7.6130932421104745E-003  -1.1039546475760375E-002  -1.2622302510952652E-002  -1.2052465029980523E-002  -9.7784271922766817E-003  -6.6179070650126707E-003  -1.1264825450225089E-003  -4.9070996872417714E-004   5.5179838557616887E-003   8.2187943624018479E-003   1.2633962986592879E-002   1.2389174350202665E-002   1.2549341217432515E-002   8.9159717937587670E-003   5.1195188211517438E-003   2.2423304321131047E-003   0.0000000000000000     
   0.0000000000000000       -8.4806048153403713E-004  -2.1090453879579482E-003  -4.3456671067897048E-003  -7.5599492104385302E-003  -1.1026185346781152E-002  -1.3090373658976483E-002  -1.3026548120104814E-002  -1.1033443487328128E-002  -8.7752057260039856E-003  -3.4145596497909257E-003  -3.3575910163558403E-003   1.8754434506376315E-003   3.7227362510356401E-003   7.8859045244736494E-003   7.6824070784959073E-003   8.2798924670588192E-003   5.0538698717593807E-003   2.7744695982546488E-003   8.2824937227897097E-004   0.0000000000000000     
   0.0000000000000000       -1.0275919170417988E-003  -2.7915037341778065E-003  -4.9199984252373784E-003  -8.2994860295524039E-003  -1.1613126983348446E-002  -1.3376591860606111E-002  -1.3591486774226775E-002  -1.2595469255113796E-002  -1.1558776950818380E-002  -5.4070677881051287E-003  -5.5380006710333777E-003  -9.6022597785700423E-004  -1.0660568140975801E-004   3.1869129171759746E-003   2.8338090609345955E-003   3.9357808110606230E-003   1.6710811008468756E-003   1.0172153169944311E-003  -5.1294070811071647E-005   0.0000000000000000     
   0.0000000000000000       -8.2358828238312588E-004  -2.1126333834704182E-003  -4.1675772181416614E-003  -6.4764964017249259E-003  -9.1589142206064660E-003  -1.1256533579359634E-002  -1.2909429869420447E-002  -1.3328874113459385E-002  -1.3806418160497812E-002  -6.8462740800438607E-003  -6.5612852886478331E-003  -2.1198798297440841E-003  -2.1424640971298842E-003   5.5025860408477393E-004   1.0466751236779415E-004   1.7733365925501003E-003   2.0996827630126436E-004   3.7536831664145611E-004  -5.5998638950778578E-004   0.0000000000000000     
   0.0000000000000000       -1.0398315088881256E-003  -3.1284881363510212E-003  -4.4919472953516386E-003  -6.7200810763090139E-003  -9.0293484429138753E-003  -1.0824102258135519E-002  -1.2512161442805012E-002  -1.3735332857158403E-002  -1.6609658723275723E-002  -8.8077722427901215E-003  -7.3834894031679990E-003  -2.2267952953887436E-003  -3.1124415637198157E-003  -7.0288492309468085E-004  -1.0124533886035920E-003   1.9702258593598731E-003  -5.0697488042614224E-004  -1.0446381426766004E-003  -1.9426426577918454E-003   0.0000000000000000     
   0.0000000000000000       -1.0966893802287867E-003  -2.1002305226965343E-003  -3.4455844786852987E-003  -3.0935965630965205E-003  -3.7701008619141093E-003  -5.9596581669008521E-003  -8.7749492647367002E-003  -1.3117427535023988E-002  -1.9520102938159339E-002  -1.0124801678537272E-002  -7.5179656035308622E-003  -9.1369345651859325E-004  -3.2391756901012708E-003  -1.2713740703914373E-003  -1.9201043552554231E-003   4.8345839822091750E-003  -1.9614457393596260E-004  -8.2402646416125918E-004  -9.4047061930019830E-003   0.0000000000000000     
   0.0000000000000000       -2.0364449781472439E-003  -5.0894535306861988E-003  -4.7176464153013443E-003  -3.6321663763294611E-003  -2.3752856302922277E-003  -4.3268265017542005E-003  -1.2210248700845657E-002  -1.8445621246957922E-002  -2.4314349724578205E-002  -9.3767278222257958E-003  -5.2312517531864890E-003   2.3867196862068178E-003  -2.9322834070220419E-003  -1.8052341759068834E-003  -4.9225458018302805E-003   6.9338464031639914E-003  -4.2343678020791281E-003  -1.5095702684263086E-002  -1.3235937058467966E-002   0.0000000000000000     
   0.0000000000000000       -4.5761551031610025E-003  -5.3085296796836672E-003  -6.4559982274977560E-003   4.2451835635244923E-003   1.0512219016971603E-002   1.4617095354284241E-002  -4.4710382236419167E-003  -1.9147170265017631E-002  -2.6774397386918152E-002  -8.4209398678622080E-003   8.3177452467300401E-004   9.2036509843005324E-003  -4.3390296040284647E-003  -3.8390445809577444E-003  -1.3548444797962595E-002  -4.0623300432094467E-003  -1.0818051954261247E-002  -1.1673736633343659E-003  -1.3622219350593039E-002   0.0000000000000000     
   0.0000000000000000        0.0000000000000000        0.0000000000000000        0.0000000000000000        0.0000000000000000        0.0000000000000000        0.0000000000000000        0.0000000000000000        0.0000000000000000        0.0000000000000000        0.0000000000000000        0.0000000000000000        0.0000000000000000        0.0000000000000000        0.0000000000000000        0.0000000000000000        0.0000000000000000        0.0000000000000000        0.0000000000000000        0.0000000000000000        0.0000000000000000     
