   0.0000000000000000        0.0000000000000000        0.0000000000000000        0.0000000000000000        0.0000000000000000        0.0000000000000000        0.0000000000000000        0.0000000000000000        0.0000000000000000        0.0000000000000000        0.0000000000000000        0.0000000000000000        0.0000000000000000        0.0000000000000000        0.0000000000000000        0.0000000000000000        0.0000000000000000        0.0000000000000000        0.0000000000000000        0.0000000000000000        0.0000000000000000     
   0.0000000000000000        8.8560057601429200E-007   1.5270990639883911E-005   4.1016594395025619E-005   7.2630802499818402E-005   1.0450422424194607E-004   1.3214590978587930E-004   1.5267153942127328E-004   1.6482348316892970E-004   1.6866778076260887E-004   1.6512839239810471E-004   1.5551144183636998E-004   1.4112958375795073E-004   1.2308531290374213E-004   1.0223461380301503E-004   7.9336790034313605E-005   5.5392988037870704E-005   3.2149327012085156E-005   1.2606190010558417E-005   9.3961947119336860E-007   0.0000000000000000     
   0.0000000000000000        1.4467779634157577E-005   6.9122824939802131E-005   1.5548263174772745E-004   2.5807586696504926E-004   3.6087021636496799E-004   4.5066214510089961E-004   5.1863189210754959E-004   5.6055392273727524E-004   5.7606947306243148E-004   5.6746101734578454E-004   5.3834074957743528E-004   4.9256905071916465E-004   4.3359909424102368E-004   3.6434171501672542E-004   2.8757671847794175E-004   2.0688014019755053E-004   1.2791062959881662E-004   5.9544844549180289E-005   1.3548550891354455E-005   0.0000000000000000     
   0.0000000000000000        3.9153630112564281E-005   1.5541164949250572E-004   3.2785737368720995E-004   5.2742150855871817E-004   7.2515076943429453E-004   8.9742192539946802E-004   1.0284464235061812E-003   1.1105458939761679E-003   1.1428634193078554E-003   1.1292498468162358E-003   1.0760006305794568E-003   9.8996803274758690E-004   8.7739695708215866E-004   7.4367299503333277E-004   5.9404278473549558E-004   4.3523903265754401E-004   2.7771510214591249E-004   1.3769486366586322E-004   3.7323492266639515E-005   0.0000000000000000     
   0.0000000000000000        7.2112810089737495E-005   2.6648646384213085E-004   5.4350495077579858E-004   8.5675174491074832E-004   1.1625667290609848E-003   1.4264844859452142E-003   1.6261318591092560E-003   1.7511002593890602E-003   1.8007694205598144E-003   1.7811289488874787E-003   1.7014962888147636E-003   1.5718110480707483E-003   1.4009710056959144E-003   1.1964882866129646E-003   9.6558099745444506E-004   7.1763781022139673E-004   4.6769904265486913E-004   2.4002005387811065E-004   6.9800205426267186E-005   0.0000000000000000     
   0.0000000000000000        1.1153158800854028E-004   3.9633817492650014E-004   7.9005673615443128E-004   1.2252855500923992E-003   1.6424319917303096E-003   1.9967410223433973E-003   2.2607700640327839E-003   2.4231479917715230E-003   2.4850406557201613E-003   2.4556774127289490E-003   2.3479831971369245E-003   2.1750572588654558E-003   1.9480166010523933E-003   1.6755627525068832E-003   1.3654933018599599E-003   1.0282035310384943E-003   6.8189492172349001E-004   3.5854400444326935E-004   1.0850570498921972E-004   0.0000000000000000     
   0.0000000000000000        1.5631233023697823E-004   5.3971686283173573E-004   1.0551693237140446E-003   1.6112726818791933E-003   2.1322719192497014E-003   2.5647922586866062E-003   2.8788475792024641E-003   3.0646712162183255E-003   3.1273632897152724E-003   3.0809545803637158E-003   2.9429360668643809E-003   2.7299168294029779E-003   2.4548930056358179E-003   2.1265672588957783E-003   1.7511617223448387E-003   1.3370968087726308E-003   9.0257267544091124E-004   4.8523673385226124E-004   1.5145930617048670E-004   0.0000000000000000     
   0.0000000000000000        2.0516167121453966E-004   6.8988291742836457E-004   1.3229064706916467E-003   1.9872010800285785E-003   2.5922031093338072E-003   3.0788735991092763E-003   3.4180094859637602E-003   3.6044163360163545E-003   3.6495012905429234E-003   3.5739403923584680E-003   3.4012423757721062E-003   3.1525899860535174E-003   2.8432688743270746E-003   2.4811963139382436E-003   2.0684252191383932E-003   1.6067814818821865E-003   1.1085427692349922E-003   6.1179151352803768E-004   1.9741056007273341E-004   0.0000000000000000     
   0.0000000000000000        2.5562414741676649E-004   8.3621497644968722E-004   1.5702629813534221E-003   2.3158246181972280E-003   2.9709212094512277E-003   3.4749592668964924E-003   3.8031295380823562E-003   3.9575430535169712E-003   3.9579896307393976E-003   3.8336934450359564E-003   3.6163478080311097E-003   3.3342379973977528E-003   3.0073208346101162E-003   2.6437177381282498E-003   2.2392009375636207E-003   1.7825058053131475E-003   1.2695575369191031E-003   7.2765216742519975E-004   2.4585605516997056E-004   0.0000000000000000     
   0.0000000000000000        3.0321241287004303E-004   9.6227771384871808E-004   1.7648500092546291E-003   2.5482046527679041E-003   3.2044112127218916E-003   3.6759354782352430E-003   3.9453321166050704E-003   4.0236052136587864E-003   3.9399942454752647E-003   3.7338935613843707E-003   3.4483242017087968E-003   3.1237983765956085E-003   2.7914391456568969E-003   2.4651999783960998E-003   2.1355134955419160E-003   1.7703202787046348E-003   1.3317035682548722E-003   8.1352514784386156E-004   2.9609204822067672E-004   0.0000000000000000     
   0.0000000000000000        3.4070105583133446E-004   1.0447374453805647E-003   1.8644307907983023E-003   2.6245179138041056E-003   3.2179872025901567E-003   3.5942709710188084E-003   3.7443485511256870E-003   3.6873930557982139E-003   3.4611235970882868E-003   3.1156738299425992E-003   2.7093561311630930E-003   2.3037374224760885E-003   1.9548233030523927E-003   1.6980084677763348E-003   1.5287720909425654E-003   1.3896144532094909E-003   1.1822550016393049E-003   8.2320316899293976E-004   3.4290761157518382E-004   0.0000000000000000     
   0.0000000000000000        3.5767374532353019E-004   1.0534437614453432E-003   1.8187108224787666E-003   2.4779079164616372E-003   2.9318049403580498E-003   3.1384690342022414E-003   3.0951234542249319E-003   2.8247884811065547E-003   2.3691715133977165E-003   1.7869227056881583E-003   1.1548250450907653E-003   5.6764938529877264E-004   1.2987903351005764E-004  -6.8437999127841736E-005   5.8966562026699734E-006   2.8242245828166799E-004   5.7262769071170574E-004   6.3745484611129450E-004   3.6223187798264478E-004   0.0000000000000000     
   0.0000000000000000        3.4043364172477430E-004   9.5287347835311333E-004   1.5734256219466396E-003   2.0412243913654356E-003   2.2698479305321676E-003   2.2241668891186052E-003   1.9014147692110173E-003   1.3196241077310692E-003   5.1484691246857597E-004  -4.5359290871421071E-004  -1.4921606452553663E-003  -2.4619563082800377E-003  -3.1790566019651418E-003  -3.4438632755019859E-003  -3.1143265086052167E-003  -2.2139278357971091E-003  -1.0215382748629523E-003  -3.9741190328452581E-005   2.6933887518079441E-004   0.0000000000000000     
   0.0000000000000000        2.7231260720057783E-004   7.0483413840430158E-004   1.0762943955822887E-003   1.2561422192357704E-003   1.1725078638435305E-003   7.9165351169745851E-004   1.0123357663729423E-004  -8.9831114715419112E-004  -2.1914326420009924E-003  -3.7335098510806919E-003  -5.4260992765865759E-003  -7.0863951200300299E-003  -8.4277108754709125E-003  -9.0804224098228071E-003  -8.6888748505689808E-003  -7.0920171769823445E-003  -4.5482821584247437E-003  -1.8664311042269456E-003  -1.9209263891769494E-004   0.0000000000000000     
   0.0000000000000000        1.3418874485095680E-004   2.7189486580530105E-004   2.8392035195003585E-004   8.3733179418427387E-005  -3.8757745939127416E-004  -1.1693349236153846E-003  -2.2930738143022954E-003  -3.7879500403944421E-003  -5.6740761427824258E-003  -7.9401102732544436E-003  -1.0504059724361988E-002  -1.3159129796538129E-002  -1.5527289738168847E-002  -1.7055171731902654E-002  -1.7108036140039352E-002  -1.5172326008414883E-002  -1.1198799077731903E-002  -6.0109759229327164E-003  -1.7034340199060037E-003   0.0000000000000000     
   0.0000000000000000       -9.5297852965354861E-005  -3.7912603322578218E-004  -8.3136093472357042E-004  -1.4851184137100615E-003  -2.3892989487434243E-003  -3.5930953427061930E-003  -5.1510582825819544E-003  -7.1252209205513910E-003  -9.5761136495707208E-003  -1.2533669414132861E-002  -1.5950278976124891E-002  -1.9627256768539277E-002  -2.3156617427787202E-002  -2.5888440621300916E-002  -2.7013626313747655E-002  -2.5665140368774458E-002  -2.1227980125913242E-002  -1.3658740942561415E-002  -5.7166897042519125E-003   0.0000000000000000     
   0.0000000000000000       -4.4040853116728701E-004  -1.2727072432718286E-003  -2.2735189547953717E-003  -3.4204810947411337E-003  -4.7532346095307378E-003  -6.3273074042566012E-003  -8.2135843144562348E-003  -1.0495658678175873E-002  -1.3263022168960786E-002  -1.6572543050401022E-002  -2.0414986441805096E-002  -2.4619645192574674E-002  -2.8837805105491523E-002  -3.2458064830413781E-002  -3.4789787688144010E-002  -3.4883143108204645E-002  -3.2004240146955694E-002  -2.3971507337971279E-002  -1.4077643000868169E-002   0.0000000000000000     
   0.0000000000000000       -9.2886762781843829E-004  -2.4100625766571016E-003  -4.0001491533309735E-003  -5.6332006315951040E-003  -7.3355638231272155E-003  -9.1533873462795751E-003  -1.1156595430017516E-002  -1.3424479980073661E-002  -1.6065872710644843E-002  -1.9135641556699508E-002  -2.2687966050567127E-002  -2.6556359403542579E-002  -3.0569153057972434E-002  -3.4134923830989657E-002  -3.7058491356630335E-002  -3.8132869463596883E-002  -3.8483879605349228E-002  -3.1846559578108176E-002  -2.6442331648888557E-002   0.0000000000000000     
   0.0000000000000000       -1.5790555180376249E-003  -3.6990093247159378E-003  -5.8117455832681240E-003  -7.8456966362741368E-003  -9.8135808305573492E-003  -1.1728097699374690E-002  -1.3643717022340025E-002  -1.5573079245472165E-002  -1.7663045818223991E-002  -1.9853172512848006E-002  -2.2430563731638438E-002  -2.5027673031723853E-002  -2.8127564464367261E-002  -3.0485031675732608E-002  -3.3869514159294713E-002  -3.3881192331434079E-002  -3.8127307000526259E-002  -3.0744142968553750E-002  -3.6594107087160752E-002   0.0000000000000000     
   0.0000000000000000       -2.2366262975281057E-003  -4.5654884909678934E-003  -6.7445199788761486E-003  -8.7510468270402229E-003  -1.0614723992500366E-002  -1.2304016071055971E-002  -1.3926685845573243E-002  -1.5321455484527943E-002  -1.6863273731383820E-002  -1.7949081449511128E-002  -1.9746485362916302E-002  -2.0339935878374994E-002  -2.2953678173430657E-002  -2.2347243309997381E-002  -2.6584597332890002E-002  -2.3123647568422435E-002  -3.0300184512845843E-002  -2.0303112205259124E-002  -3.2480930009095896E-002   0.0000000000000000     
   0.0000000000000000        0.0000000000000000        0.0000000000000000        0.0000000000000000        0.0000000000000000        0.0000000000000000        0.0000000000000000        0.0000000000000000        0.0000000000000000        0.0000000000000000        0.0000000000000000        0.0000000000000000        0.0000000000000000        0.0000000000000000        0.0000000000000000        0.0000000000000000        0.0000000000000000        0.0000000000000000        0.0000000000000000        0.0000000000000000        0.0000000000000000     
